5.8	1.3	0.14
6.3	1.36	0.176
5.8	1.3	0.14
6.3	1.36	0.176
6.5	1.2	0.16
8.7	1.98	0.06
9.2	1.96	0.06
10.7	1.8	0.04
11.3	1.7	0.04
11.5	1.6	0.06
13.2	1.88	0.04
13.6	1.86	0.08
14.2	1.76	0.1
16.2	1.18	0.12
16.7	1.14	0.168
18.5	1.3	0.28
18.8	1.34	0.288
19.2	1.18	0.264
20.8	1.44	0.384
21.2	1.4	0.408
21.7	1.29	0.56
21.5	1.3	0.488
21.6	1.38	0.44
24.05	1	0.48
24.9	0.948	0.576
25.8	0.98	0.666
26.3	0.982	0.662
26.8	0.908	0.676
28.3	0.734	0.699
28.8	0.582	0.517
30.8	0.77	0.538
31.2	0.826	0.534
31.8	0.846	0.51
33.2	1.03	0.512
33.8	0.848	0.512
34.3	0.96	0.484
35.8	0.88	0.468
36.2	0.858	0.488
36.8	0.932	0.408
38.2	0.908	0.408
38.8	0.928	0.384
39.3	1.02	0.36
40.8	1.23	0.192
43.4	0.872	0.248
45.8	1.16	0.128
48.3	0.268	0.02
66.6	0.492	0.398
64.1	0.605	0.504
59.1	0.402	0.282


