0	0.124
0.1	0.101
0.2	0.074
0.3	0.047
0.4	0.026
0.5	0.012
0.6	0.011
0.7	0.025
0.8	0.056
0.9	0.103
1	0.162
1.1	0.225
1.2	0.29
1.3	0.348
1.4	0.386
1.5	0.408
1.6	0.399
1.7	0.369
1.8	0.312
1.9	0.236
2	0.156
2.1	0.085
2.2	0.043
2.3	0.053
2.4	0.144
2.5	0.331
2.6	0.625
2.7	1.057
2.8	1.59
2.9	2.35
3	3.154
3.1	4.128
3.2	5.137
3.3	6.232
3.4	7.323
3.5	8.425
3.6	9.358
3.7	9.812
3.8	10.47
3.9	10.877
4	10.401
4.1	10.342
4.2	10.2
4.3	9.574
4.4	8.95
4.5	8.256
4.6	7.315
4.7	6.46
4.8	5.38
4.9	4.44
5	3.443
5.1	4.003
5.2	3.105
5.3	2.336
5.4	1.64
5.5	1.083
5.6	0.686
5.7	0.371
5.8	0.183
5.9	0.096
6	0.077
6.1	0.109
6.2	0.172
6.3	0.25
6.4	0.216
6.5	0.375
6.6	0.41
6.7	0.42
6.8	0.401
6.9	0.363
7	0.308
7.1	0.244
7.2	0.177
7.3	0.144
7.4	0.094
7.5	0.051
7.6	0.022
7.7	0.013
7.8	0.017
7.9	0.034
8	0.058
8.1	0.084
8.2	0.109
8.3	0.13
8.4	0.144
8.5	0.148
8.6	0.144
8.7	0.128
8.8	0.109
8.9	0.085
9	0.061
9.1	0.04
9.2	0.02
9.3	0.01
9.4	0.005
9.5	0.006
9.6	0.015
9.7	0.025
9.8	0.038
9.9	0.05
10	0.061