0	-188000
400000000	-188000
800000000	-188000
1200000000	-188000
1600000000	-188000
2000000000	-188000
2400000000	-188000
2800000000	-188000
3200000000	-188000
3600000000	-188000
4000000000	-188000
4400000000	-188000
4800000000	-188000
5200000000	-188000
5600000000	-188000
6000000000	-188000
6400000000	-188000
6800000000	-188000
7200000000	-188000
7600000000	-188000
8000000000	-188000
8400000000	-188000
8800000000	-188000
9200000000	-188000
9600000000	-188000
10000000000	-188000
10400000000	-188000
10800000000	-188000
11200000000	-188000
11600000000	-188000
12000000000	-188000
12400000000	-188000
12800000000	-188000
13200000000	-188000
13600000000	-188000
14000000000	-188000
14400000000	-188000
14800000000	-188000
15200000000	-188000
15600000000	-188000
16000000000	-188000
16400000000	-188000
16800000000	-188000
17200000000	-188000
17600000000	-188000
18000000000	-188000
18400000000	-188000
18800000000	-188000
19200000000	-188000
19600000000	-188000
20000000000	-188000
20400000000	-188000
20800000000	-188000
21200000000	-188000
21600000000	-188000
22000000000	-188000
22400000000	-188000
22800000000	-188000
23200000000	-188000
23600000000	-188000
24000000000	-188000
24400000000	-188000
24800000000	-188000
25200000000	-188000
25600000000	-188000
26000000000	-188000
26400000000	-188000
26800000000	-188000
27200000000	-188000
27600000000	-188000
28000000000	-188000
28400000000	-188000
28800000000	-188000
29200000000	-188000
29600000000	-188000
30000000000	-188000
30400000000	-188000
30800000000	-188000
31200000000	-188000
31600000000	-188000
32000000000	-188000
32400000000	-188000
32800000000	-188000
33200000000	-188000
33600000000	-188000
34000000000	-188000
34400000000	-188000
34800000000	-188000
35200000000	-188000
35600000000	-188000
36000000000	-188000
36400000000	-188000
36800000000	-188000
37200000000	-188000
37600000000	-188000
38000000000	-188000
38400000000	-188000
38800000000	-188000
39200000000	-188000
39600000000	-188000
40000000000	-188000
40400000000	-188000
40800000000	-188000
41200000000	-188000
41600000000	-188000
42000000000	-188000
42400000000	-188000
42800000000	-188000
43200000000	-188000
43600000000	-188000
44000000000	-188000
44400000000	-188000
44800000000	-188000
45200000000	-188000
45600000000	-188000
46000000000	-188000
46400000000	-188000
46800000000	-188000
47200000000	-188000
47600000000	-188000
48000000000	-188000
48400000000	-188000
48800000000	-188000
49200000000	-188000
49600000000	-188000
50000000000	-188000
50400000000	-188000
50800000000	-188000
51200000000	-188000
51600000000	-188000
52000000000	-188000
52400000000	-188000
52800000000	-188000
53200000000	-188000
53600000000	-188000
54000000000	-188000
54400000000	-188000
54800000000	-188000
55200000000	-188000
55600000000	-188000
56000000000	-188000
56400000000	-188000
56800000000	-188000
57200000000	-188000
57600000000	-188000
58000000000	-188000
58400000000	-188000
58800000000	-188000
59200000000	-188000
59600000000	-188000
60000000000	-188000
60400000000	-188000
60800000000	-188000
61200000000	-188000
61600000000	-188000
62000000000	-188000
62400000000	-188000
62800000000	-188000
63200000000	-188000
63600000000	-188000
64000000000	-188000
64400000000	-188000
64800000000	-188000
65200000000	-188000
65600000000	-188000
66000000000	-188000
66400000000	-188000
66800000000	-188000
67200000000	-188000
67600000000	-188000
68000000000	-188000
68400000000	-188000
68800000000	-188000
69200000000	-188000
69600000000	-188000
70000000000	-188000
70400000000	-188000
70800000000	-188000
71200000000	-188000
71600000000	-188000
72000000000	-188000
72400000000	-188000
72800000000	-188000
73200000000	-188000
73600000000	-188000
74000000000	-188000
74400000000	-188000
74800000000	-188000
75200000000	0
75600000000	0
76000000000	0
76400000000	0
76800000000	0
77200000000	0
77600000000	-4000
78000000000	0
78400000000	0
78800000000	0
79200000000	0
79600000000	0
80000000000	0
80400000000	4000
80800000000	0
81200000000	0
81600000000	0
82000000000	0
82400000000	0
82800000000	0
83200000000	0
83600000000	0
84000000000	0
84400000000	0
84800000000	0
85200000000	0
85600000000	0
86000000000	0
86400000000	4000
86800000000	0
87200000000	4000
87600000000	0
88000000000	0
88400000000	0
88800000000	0
89200000000	0
89600000000	0
90000000000	0
90400000000	0
90800000000	0
91200000000	0
91600000000	0
92000000000	0
92400000000	0
92800000000	0
93200000000	0
93600000000	0
94000000000	0
94400000000	0
94800000000	0
95200000000	0
95600000000	0
96000000000	0
96400000000	0
96800000000	0
97200000000	0
97600000000	0
98000000000	0
98400000000	0
98800000000	0
99200000000	0
99600000000	0
100000000000	0
100400000000	-4000
100800000000	-4000
101200000000	0
101600000000	0
102000000000	0
102400000000	0
102800000000	0
103200000000	0
103600000000	0
104000000000	0
104400000000	0
104800000000	0
105200000000	0
105600000000	0
106000000000	0
106400000000	0
106800000000	0
107200000000	0
107600000000	-4000
108000000000	0
108400000000	0
108800000000	0
109200000000	0
109600000000	0
110000000000	0
110400000000	0
110800000000	0
111200000000	-4000
111600000000	0
112000000000	0
112400000000	0
112800000000	0
113200000000	0
113600000000	0
114000000000	0
114400000000	0
114800000000	0
115200000000	0
115600000000	0
116000000000	0
116400000000	-4000
116800000000	0
117200000000	0
117600000000	0
118000000000	0
118400000000	0
118800000000	0
119200000000	0
119600000000	0
120000000000	0
120400000000	0
120800000000	0
121200000000	0
121600000000	0
122000000000	0
122400000000	0
122800000000	0
123200000000	-4000
123600000000	0
124000000000	-4000
124400000000	0
124800000000	0
125200000000	0
125600000000	0
126000000000	-4000
126400000000	0
126800000000	0
127200000000	0
127600000000	0
128000000000	0
128400000000	0
128800000000	0
129200000000	0
129600000000	0
130000000000	0
130400000000	0
130800000000	0
131200000000	-4000
131600000000	0
132000000000	0
132400000000	0
132800000000	0
133200000000	0
133600000000	0
134000000000	0
134400000000	-4000
134800000000	0
135200000000	0
135600000000	-4000
136000000000	4000
136400000000	0
136800000000	-4000
137200000000	0
137600000000	0
138000000000	0
138400000000	0
138800000000	0
139200000000	0
139600000000	0
140000000000	0
140400000000	0
140800000000	0
141200000000	0
141600000000	0
142000000000	0
142400000000	4000
142800000000	0
143200000000	0
143600000000	0
144000000000	0
144400000000	0
144800000000	0
145200000000	0
145600000000	0
146000000000	0
146400000000	0
146800000000	0
147200000000	4000
147600000000	0
148000000000	0
148400000000	0
148800000000	-4000
149200000000	0
149600000000	0
150000000000	0
150400000000	0
150800000000	0
151200000000	0
151600000000	0
152000000000	0
152400000000	0
152800000000	0
153200000000	0
153600000000	0
154000000000	0
154400000000	0
154800000000	0
155200000000	0
155600000000	0
156000000000	0
156400000000	-4000
156800000000	0
157200000000	0
157600000000	4000
158000000000	0
158400000000	0
158800000000	0
159200000000	0
159600000000	0
160000000000	0
160400000000	0
160800000000	0
161200000000	0
161600000000	4000
162000000000	0
162400000000	4000
162800000000	0
163200000000	0
163600000000	0
164000000000	4000
164400000000	0
164800000000	0
165200000000	0
165600000000	0
166000000000	0
166400000000	0
166800000000	0
167200000000	4000
167600000000	0
168000000000	4000
168400000000	4000
168800000000	4000
169200000000	0
169600000000	4000
170000000000	0
170400000000	4000
170800000000	4000
171200000000	0
171600000000	4000
172000000000	4000
172400000000	4000
172800000000	4000
173200000000	0
173600000000	4000
174000000000	4000
174400000000	4000
174800000000	4000
175200000000	4000
175600000000	0
176000000000	4000
176400000000	4000
176800000000	4000
177200000000	4000
177600000000	0
178000000000	4000
178400000000	8000
178800000000	4000
179200000000	4000
179600000000	4000
180000000000	4000
180400000000	4000
180800000000	4000
181200000000	8000
181600000000	4000
182000000000	8000
182400000000	4000
182800000000	4000
183200000000	8000
183600000000	4000
184000000000	8000
184400000000	8000
184800000000	8000
185200000000	8000
185600000000	8000
186000000000	8000
186400000000	8000
186800000000	8000
187200000000	8000
187600000000	8000
188000000000	8000
188400000000	8000
188800000000	8000
189200000000	8000
189600000000	12000
190000000000	8000
190400000000	12000
190800000000	12000
191200000000	12000
191600000000	12000
192000000000	12000
192400000000	12000
192800000000	16000
193200000000	16000
193600000000	16000
194000000000	16000
194400000000	16000
194800000000	16000
195200000000	20000
195600000000	20000
196000000000	24000
196400000000	24000
196800000000	24000
197200000000	24000
197600000000	28000
198000000000	28000
198400000000	28000
198800000000	28000
199200000000	32000
199600000000	36000
200000000000	40000
200400000000	44000
200800000000	48000
201200000000	52000
201600000000	56000
202000000000	56000
202400000000	60000
202800000000	68000
203200000000	80000
203600000000	92000
204000000000	104000
204400000000	128000
204800000000	152000
205200000000	176000
205600000000	192000
206000000000	204000
206400000000	220000
206800000000	240000
207200000000	272000
207600000000	304000
208000000000	336000
208400000000	356000
208800000000	368000
209200000000	380000
209600000000	404000
210000000000	428000
210400000000	440000
210800000000	440000
211200000000	440000
211600000000	440000
212000000000	432000
212400000000	424000
212800000000	408000
213200000000	388000
213600000000	360000
214000000000	332000
214400000000	308000
214800000000	296000
215200000000	280000
215600000000	256000
216000000000	240000
216400000000	220000
216800000000	204000
217200000000	188000
217600000000	164000
218000000000	140000
218400000000	128000
218800000000	120000
219200000000	112000
219600000000	100000
220000000000	92000
220400000000	88000
220800000000	76000
221200000000	72000
221600000000	64000
222000000000	60000
222400000000	52000
222800000000	48000
223200000000	48000
223600000000	44000
224000000000	40000
224400000000	40000
224800000000	36000
225200000000	32000
225600000000	28000
226000000000	28000
226400000000	32000
226800000000	24000
227200000000	24000
227600000000	24000
228000000000	24000
228400000000	24000
228800000000	20000
229200000000	20000
229600000000	20000
230000000000	16000
230400000000	16000
230800000000	16000
231200000000	16000
231600000000	16000
232000000000	12000
232400000000	12000
232800000000	12000
233200000000	12000
233600000000	12000
234000000000	8000
234400000000	12000
234800000000	12000
235200000000	8000
235600000000	8000
236000000000	12000
236400000000	8000
236800000000	8000
237200000000	8000
237600000000	8000
238000000000	8000
238400000000	8000
238800000000	8000
239200000000	8000
239600000000	8000
240000000000	4000
240400000000	8000
240800000000	8000
241200000000	8000
241600000000	4000
242000000000	8000
242400000000	4000
242800000000	8000
243200000000	4000
243600000000	4000
244000000000	4000
244400000000	4000
244800000000	4000
245200000000	4000
245600000000	4000
246000000000	4000
246400000000	4000
246800000000	4000
247200000000	4000
247600000000	4000
248000000000	0
248400000000	4000
248800000000	4000
249200000000	4000
249600000000	4000
250000000000	4000
250400000000	4000
250800000000	4000
251200000000	0
251600000000	4000
252000000000	0
252400000000	0
252800000000	4000
253200000000	4000
253600000000	0
254000000000	4000
254400000000	4000
254800000000	4000
255200000000	4000
255600000000	0
256000000000	4000
256400000000	0
256800000000	4000
257200000000	0
257600000000	0
258000000000	4000
258400000000	0
258800000000	4000
259200000000	0
259600000000	0
260000000000	0
260400000000	0
260800000000	4000
261200000000	0
261600000000	4000
262000000000	0
262400000000	4000
262800000000	4000
263200000000	4000
263600000000	4000
264000000000	0
264400000000	0
264800000000	4000
265200000000	0
265600000000	0
266000000000	0
266400000000	0
266800000000	0
267200000000	0
267600000000	0
268000000000	0
268400000000	0
268800000000	0
269200000000	0
269600000000	0
270000000000	4000
270400000000	0
270800000000	4000
271200000000	0
271600000000	4000
272000000000	0
272400000000	0
272800000000	0
273200000000	4000
273600000000	0
274000000000	0
274400000000	0
274800000000	0
275200000000	0
275600000000	0
276000000000	4000
276400000000	0
276800000000	0
277200000000	0
277600000000	4000
278000000000	4000
278400000000	0
278800000000	0
279200000000	0
279600000000	0
280000000000	0
280400000000	0
280800000000	0
281200000000	4000
281600000000	0
282000000000	0
282400000000	0
282800000000	0
283200000000	0
283600000000	0
284000000000	0
284400000000	0
284800000000	0
285200000000	0
285600000000	0
286000000000	4000
286400000000	0
286800000000	-4000
287200000000	0
287600000000	0
288000000000	0
288400000000	0
288800000000	0
289200000000	0
289600000000	0
290000000000	0
290400000000	0
290800000000	0
291200000000	0
291600000000	0
292000000000	0
292400000000	0
292800000000	0
293200000000	-4000
293600000000	0
294000000000	0
294400000000	4000
294800000000	0
295200000000	0
295600000000	0
296000000000	0
296400000000	0
296800000000	0
297200000000	4000
297600000000	0
298000000000	0
298400000000	0
298800000000	0
299200000000	0
299600000000	4000
300000000000	0
300400000000	4000
300800000000	0
301200000000	0
301600000000	0
302000000000	0
302400000000	0
302800000000	4000
303200000000	0
303600000000	0
304000000000	0
304400000000	4000
304800000000	0
305200000000	0
305600000000	0
306000000000	0
306400000000	-4000
306800000000	0
307200000000	0
307600000000	0
308000000000	0
308400000000	0
308800000000	-4000
309200000000	0
309600000000	0
310000000000	0
310400000000	0
310800000000	0
311200000000	0
311600000000	0
312000000000	0
312400000000	-4000
312800000000	0
313200000000	0
313600000000	0
314000000000	0
314400000000	0
314800000000	0
315200000000	4000
315600000000	0
316000000000	0
316400000000	-4000
316800000000	0
317200000000	0
317600000000	0
318000000000	0
318400000000	0
318800000000	4000
319200000000	-4000
319600000000	0
320000000000	0
320400000000	0
320800000000	0
321200000000	-4000
321600000000	0
322000000000	0
322400000000	0
322800000000	-4000
323200000000	0
323600000000	-4000
324000000000	0
324400000000	0
324800000000	0
325200000000	0
325600000000	0
326000000000	0
326400000000	-4000
326800000000	-4000
327200000000	0
327600000000	0
328000000000	0
328400000000	0
328800000000	0
329200000000	0
329600000000	-4000
330000000000	0
330400000000	0
330800000000	0
331200000000	0
331600000000	0
332000000000	0
332400000000	0
332800000000	0
333200000000	0
333600000000	0
334000000000	0
334400000000	0
334800000000	0
335200000000	0
335600000000	0
336000000000	0
336400000000	-4000
336800000000	0
337200000000	0
337600000000	0
338000000000	0
338400000000	-4000
338800000000	0
339200000000	-4000
339600000000	0
340000000000	0
340400000000	0
340800000000	0
341200000000	0
341600000000	0
342000000000	0
342400000000	-4000
342800000000	0
343200000000	0
343600000000	0
344000000000	0
344400000000	-4000
344800000000	0
345200000000	0
345600000000	0
346000000000	0
346400000000	0
346800000000	-4000
347200000000	0
347600000000	0
348000000000	0
348400000000	0
348800000000	0
349200000000	0
349600000000	0
350000000000	0
350400000000	0
350800000000	0
351200000000	0
351600000000	0
352000000000	-4000
352400000000	0
352800000000	0
353200000000	0
353600000000	-4000
354000000000	0
354400000000	-4000
354800000000	0
355200000000	0
355600000000	-4000
356000000000	0
356400000000	0
356800000000	0
357200000000	0
357600000000	0
358000000000	0
358400000000	0
358800000000	0
359200000000	0
359600000000	0
360000000000	-4000
360400000000	0
360800000000	0
361200000000	-4000
361600000000	0
362000000000	0
362400000000	0
362800000000	0
363200000000	0
363600000000	-4000
364000000000	0
364400000000	0
364800000000	0
365200000000	0
365600000000	0
366000000000	0
366400000000	-4000
366800000000	0
367200000000	0
367600000000	0
368000000000	0
368400000000	0
368800000000	0
369200000000	-4000
369600000000	0
370000000000	0
370400000000	-4000
370800000000	-4000
371200000000	0
371600000000	0
372000000000	0
372400000000	0
372800000000	0
373200000000	-4000
373600000000	0
374000000000	0
374400000000	-4000
374800000000	0
375200000000	-4000
375600000000	0
376000000000	0
376400000000	0
376800000000	0
377200000000	0
377600000000	0
378000000000	-4000
378400000000	0
378800000000	0
379200000000	-4000
379600000000	0
380000000000	0
380400000000	0
380800000000	0
381200000000	0
381600000000	0
382000000000	0
382400000000	0
382800000000	0
383200000000	0
383600000000	0
384000000000	0
384400000000	0
384800000000	0
385200000000	0
385600000000	0
386000000000	0
386400000000	0
386800000000	0
387200000000	-4000
387600000000	0
388000000000	-4000
388400000000	0
388800000000	0
389200000000	-4000
389600000000	0
390000000000	-4000
390400000000	0
390800000000	0
391200000000	0
391600000000	4000
392000000000	0
392400000000	0
392800000000	0
393200000000	0
393600000000	0
394000000000	-4000
394400000000	0
394800000000	0
395200000000	0
395600000000	0
396000000000	0
396400000000	0
396800000000	0
397200000000	-4000
397600000000	0
398000000000	0
398400000000	4000
398800000000	0
399200000000	0
399600000000	0
400000000000	0
400400000000	-4000
400800000000	0
401200000000	0
401600000000	0
402000000000	0
402400000000	0
402800000000	0
403200000000	0
403600000000	0
404000000000	0
404400000000	0
404800000000	0
405200000000	-4000
405600000000	0
406000000000	0
406400000000	0
406800000000	0
407200000000	0
407600000000	-4000
408000000000	0
408400000000	4000
408800000000	0
409200000000	0
409600000000	0
410000000000	0
410400000000	0
410800000000	0
411200000000	0
411600000000	0
412000000000	0
412400000000	0
412800000000	0
413200000000	0
413600000000	0
414000000000	0
414400000000	0
414800000000	0
415200000000	0
415600000000	0
416000000000	0
416400000000	0
416800000000	0
417200000000	0
417600000000	4000
418000000000	0
418400000000	0
418800000000	0
419200000000	0
419600000000	4000
420000000000	0
420400000000	4000
420800000000	0
421200000000	4000
421600000000	0
422000000000	4000
422400000000	4000
422800000000	4000
423200000000	4000
423600000000	4000
424000000000	0
424400000000	4000
424800000000	4000
425200000000	4000
425600000000	4000
426000000000	4000
426400000000	4000
426800000000	4000
427200000000	4000
427600000000	4000
428000000000	0
428400000000	4000
428800000000	4000
429200000000	8000
429600000000	4000
430000000000	4000
430400000000	4000
430800000000	4000
431200000000	4000
431600000000	8000
432000000000	8000
432400000000	4000
432800000000	4000
433200000000	4000
433600000000	4000
434000000000	8000
434400000000	8000
434800000000	8000
435200000000	8000
435600000000	4000
436000000000	4000
436400000000	8000
436800000000	8000
437200000000	8000
437600000000	4000
438000000000	8000
438400000000	8000
438800000000	8000
439200000000	8000
439600000000	8000
440000000000	12000
440400000000	12000
440800000000	8000
441200000000	12000
441600000000	8000
442000000000	12000
442400000000	8000
442800000000	12000
443200000000	12000
443600000000	16000
444000000000	16000
444400000000	16000
444800000000	12000
445200000000	8000
445600000000	12000
446000000000	16000
446400000000	20000
446800000000	24000
447200000000	24000
447600000000	24000
448000000000	24000
448400000000	20000
448800000000	20000
449200000000	28000
449600000000	32000
450000000000	40000
450400000000	44000
450800000000	40000
451200000000	32000
451600000000	32000
452000000000	40000
452400000000	64000
452800000000	116000
453200000000	144000
453600000000	120000
454000000000	76000
454400000000	60000
454800000000	60000
455200000000	88000
455600000000	164000
456000000000	272000
456400000000	344000
456800000000	356000
457200000000	304000
457600000000	220000
458000000000	176000
458400000000	228000
458800000000	368000
459200000000	432000
459600000000	428000
460000000000	436000
460400000000	404000
460800000000	340000
461200000000	368000
461600000000	432000
462000000000	340000
462400000000	240000
462800000000	256000
463200000000	368000
463600000000	432000
464000000000	440000
464400000000	416000
464800000000	280000
465200000000	156000
465600000000	112000
466000000000	132000
466400000000	196000
466800000000	280000
467200000000	304000
467600000000	224000
468000000000	120000
468400000000	64000
468800000000	60000
469200000000	72000
469600000000	120000
470000000000	164000
470400000000	132000
470800000000	72000
471200000000	40000
471600000000	28000
472000000000	32000
472400000000	44000
472800000000	68000
473200000000	76000
473600000000	56000
474000000000	32000
474400000000	20000
474800000000	20000
475200000000	20000
475600000000	32000
476000000000	40000
476400000000	36000
476800000000	24000
477200000000	16000
477600000000	12000
478000000000	16000
478400000000	16000
478800000000	24000
479200000000	24000
479600000000	20000
480000000000	16000
480400000000	12000
480800000000	12000
481200000000	12000
481600000000	16000
482000000000	16000
482400000000	16000
482800000000	12000
483200000000	12000
483600000000	8000
484000000000	8000
484400000000	8000
484800000000	12000
485200000000	12000
485600000000	8000
486000000000	8000
486400000000	8000
486800000000	4000
487200000000	4000
487600000000	4000
488000000000	8000
488400000000	8000
488800000000	8000
489200000000	8000
489600000000	4000
490000000000	4000
490400000000	4000
490800000000	8000
491200000000	4000
491600000000	8000
492000000000	4000
492400000000	4000
492800000000	0
493200000000	4000
493600000000	4000
494000000000	4000
494400000000	4000
494800000000	4000
495200000000	4000
495600000000	4000
496000000000	4000
496400000000	4000
496800000000	4000
497200000000	4000
497600000000	4000
498000000000	4000
498400000000	4000
498800000000	4000
499200000000	0
499600000000	4000
500000000000	0
500400000000	4000
500800000000	4000
501200000000	0
501600000000	0
502000000000	0
502400000000	4000
502800000000	4000
503200000000	4000
503600000000	0
504000000000	0
504400000000	0
504800000000	0
505200000000	0
505600000000	0
506000000000	4000
506400000000	4000
506800000000	0
507200000000	0
507600000000	0
508000000000	0
508400000000	0
508800000000	0
509200000000	0
509600000000	4000
510000000000	0
510400000000	0
510800000000	4000
511200000000	4000
511600000000	0
512000000000	0
512400000000	0
512800000000	0
513200000000	0
513600000000	0
514000000000	0
514400000000	0
514800000000	0
515200000000	0
515600000000	0
516000000000	0
516400000000	0
516800000000	0
517200000000	0
517600000000	0
518000000000	0
518400000000	4000
518800000000	-4000
519200000000	0
519600000000	4000
520000000000	4000
520400000000	0
520800000000	0
521200000000	0
521600000000	0
522000000000	0
522400000000	0
522800000000	4000
523200000000	4000
523600000000	0
524000000000	0
524400000000	0
524800000000	0
525200000000	0
525600000000	4000
526000000000	0
526400000000	0
526800000000	0
527200000000	0
527600000000	0
528000000000	0
528400000000	0
528800000000	0
529200000000	4000
529600000000	0
530000000000	0
530400000000	0
530800000000	0
531200000000	0
531600000000	0
532000000000	0
532400000000	0
532800000000	0
533200000000	4000
533600000000	0
534000000000	0
534400000000	0
534800000000	0
535200000000	0
535600000000	0
536000000000	4000
536400000000	4000
536800000000	0
537200000000	0
537600000000	0
538000000000	0
538400000000	0
538800000000	0
539200000000	0
539600000000	0
540000000000	4000
540400000000	0
540800000000	0
541200000000	0
541600000000	0
542000000000	0
542400000000	0
542800000000	0
543200000000	0
543600000000	0
544000000000	-4000
544400000000	0
544800000000	0
545200000000	0
545600000000	0
546000000000	0
546400000000	-4000
546800000000	0
547200000000	0
547600000000	0
548000000000	0
548400000000	0
548800000000	0
549200000000	0
549600000000	0
550000000000	0
550400000000	4000
550800000000	0
551200000000	0
551600000000	0
552000000000	0
552400000000	-4000
552800000000	0
553200000000	0
553600000000	0
554000000000	0
554400000000	-4000
554800000000	0
555200000000	0
555600000000	0
556000000000	0
556400000000	0
556800000000	-4000
557200000000	0
557600000000	0
558000000000	0
558400000000	-4000
558800000000	0
559200000000	-4000
559600000000	0
560000000000	0
560400000000	0
560800000000	-4000
561200000000	0
561600000000	4000
562000000000	0
562400000000	0
562800000000	0
563200000000	0
563600000000	0
564000000000	0
564400000000	0
564800000000	0
565200000000	0
565600000000	0
566000000000	0
566400000000	-4000
566800000000	0
567200000000	0
567600000000	0
568000000000	0
568400000000	0
568800000000	0
569200000000	0
569600000000	0
570000000000	0
570400000000	0
570800000000	0
571200000000	0
571600000000	0
572000000000	-4000
572400000000	0
572800000000	-4000
573200000000	0
573600000000	0
574000000000	0
574400000000	0
574800000000	0
575200000000	0
575600000000	0
576000000000	0
576400000000	0
576800000000	0
577200000000	0
577600000000	0
578000000000	0
578400000000	0
578800000000	0
579200000000	0
579600000000	4000
580000000000	0
580400000000	0
580800000000	-4000
581200000000	0
581600000000	0
582000000000	0
582400000000	0
582800000000	0
583200000000	0
583600000000	0
584000000000	0
584400000000	0
584800000000	4000
585200000000	0
585600000000	0
586000000000	0
586400000000	4000
586800000000	0
587200000000	0
587600000000	0
588000000000	0
588400000000	-4000
588800000000	0
589200000000	0
589600000000	0
590000000000	0
590400000000	0
590800000000	0
591200000000	0
591600000000	0
592000000000	0
592400000000	-4000
592800000000	0
593200000000	-4000
593600000000	0
594000000000	-4000
594400000000	0
594800000000	0
595200000000	0
595600000000	0
596000000000	0
596400000000	0
596800000000	0
597200000000	0
597600000000	0
598000000000	0
598400000000	-4000
598800000000	0
599200000000	0
599600000000	0
600000000000	0
600400000000	-4000
600800000000	0
601200000000	0
601600000000	0
602000000000	0
602400000000	0
602800000000	0
603200000000	-4000
603600000000	-4000
604000000000	0
604400000000	0
604800000000	-4000
605200000000	0
605600000000	0
606000000000	0
606400000000	-4000
606800000000	0
607200000000	-4000
607600000000	0
608000000000	-4000
608400000000	0
608800000000	-4000
609200000000	0
609600000000	0
610000000000	0
610400000000	0
610800000000	0
611200000000	0
611600000000	0
612000000000	-4000
612400000000	4000
612800000000	-4000
613200000000	0
613600000000	-4000
614000000000	0
614400000000	0
614800000000	0
615200000000	0
615600000000	0
616000000000	0
616400000000	0
616800000000	0
617200000000	0
617600000000	0
618000000000	0
618400000000	0
618800000000	0
619200000000	0
619600000000	0
620000000000	0
620400000000	0
620800000000	4000
621200000000	0
621600000000	0
622000000000	0
622400000000	-4000
622800000000	-4000
623200000000	0
623600000000	0
624000000000	0
624400000000	-4000
624800000000	0
625200000000	0
625600000000	0
626000000000	0
626400000000	0
626800000000	0
627200000000	0
627600000000	0
628000000000	0
628400000000	4000
628800000000	0
629200000000	0
629600000000	0
630000000000	0
630400000000	-4000
630800000000	0
631200000000	0
631600000000	-4000
632000000000	0
632400000000	0
632800000000	0
633200000000	0
633600000000	0
634000000000	0
634400000000	0
634800000000	4000
635200000000	4000
635600000000	0
636000000000	0
636400000000	0
636800000000	0
637200000000	0
637600000000	-4000
638000000000	0
638400000000	0
638800000000	0
639200000000	0
639600000000	0
640000000000	0
640400000000	0
640800000000	0
641200000000	0
641600000000	0
642000000000	0
642400000000	4000
642800000000	-4000
643200000000	0
643600000000	0
644000000000	4000
644400000000	4000
644800000000	0
645200000000	0
645600000000	0
646000000000	0
646400000000	0
646800000000	0
647200000000	0
647600000000	0
648000000000	0
648400000000	4000
648800000000	0
649200000000	4000
649600000000	0
650000000000	4000
650400000000	0
650800000000	4000
651200000000	4000
651600000000	0
652000000000	0
652400000000	4000
652800000000	0
653200000000	4000
653600000000	0
654000000000	4000
654400000000	4000
654800000000	4000
655200000000	0
655600000000	4000
656000000000	4000
656400000000	4000
656800000000	8000
657200000000	4000
657600000000	4000
658000000000	4000
658400000000	4000
658800000000	4000
659200000000	8000
659600000000	0
660000000000	4000
660400000000	8000
660800000000	4000
661200000000	4000
661600000000	4000
662000000000	4000
662400000000	8000
662800000000	4000
663200000000	4000
663600000000	4000
664000000000	4000
664400000000	8000
664800000000	4000
665200000000	8000
665600000000	8000
666000000000	8000
666400000000	8000
666800000000	8000
667200000000	8000
667600000000	8000
668000000000	8000
668400000000	8000
668800000000	8000
669200000000	8000
669600000000	12000
670000000000	12000
670400000000	12000
670800000000	12000
671200000000	12000
671600000000	12000
672000000000	12000
672400000000	16000
672800000000	16000
673200000000	16000
673600000000	20000
674000000000	20000
674400000000	16000
674800000000	20000
675200000000	20000
675600000000	24000
676000000000	28000
676400000000	32000
676800000000	28000
677200000000	28000
677600000000	32000
678000000000	36000
678400000000	36000
678800000000	44000
679200000000	60000
679600000000	68000
680000000000	60000
680400000000	60000
680800000000	76000
681200000000	112000
681600000000	152000
682000000000	176000
682400000000	204000
682800000000	236000
683200000000	224000
683600000000	188000
684000000000	188000
684400000000	284000
684800000000	404000
685200000000	436000
685600000000	416000
686000000000	384000
686400000000	404000
686800000000	436000
687200000000	428000
687600000000	428000
688000000000	432000
688400000000	420000
688800000000	404000
689200000000	400000
689600000000	384000
690000000000	324000
690400000000	240000
690800000000	188000
691200000000	188000
691600000000	216000
692000000000	232000
692400000000	216000
692800000000	176000
693200000000	136000
693600000000	112000
694000000000	104000
694400000000	96000
694800000000	84000
695200000000	76000
695600000000	68000
696000000000	64000
696400000000	60000
696800000000	60000
697200000000	60000
697600000000	56000
698000000000	44000
698400000000	32000
698800000000	32000
699200000000	32000
699600000000	32000
700000000000	32000
700400000000	28000
700800000000	24000
701200000000	24000
701600000000	24000
702000000000	20000
702400000000	20000
702800000000	20000
703200000000	20000
703600000000	16000
704000000000	12000
704400000000	12000
704800000000	12000
705200000000	16000
705600000000	16000
706000000000	12000
706400000000	12000
706800000000	12000
707200000000	8000
707600000000	12000
708000000000	8000
708400000000	12000
708800000000	8000
709200000000	8000
709600000000	8000
710000000000	8000
710400000000	8000
710800000000	8000
711200000000	8000
711600000000	8000
712000000000	8000
712400000000	8000
712800000000	8000
713200000000	8000
713600000000	4000
714000000000	4000
714400000000	8000
714800000000	4000
715200000000	4000
715600000000	4000
716000000000	4000
716400000000	4000
716800000000	4000
717200000000	4000
717600000000	4000
718000000000	4000
718400000000	4000
718800000000	0
719200000000	8000
719600000000	4000
720000000000	4000
720400000000	4000
720800000000	4000
721200000000	0
721600000000	4000
722000000000	0
722400000000	4000
722800000000	0
723200000000	4000
723600000000	0
724000000000	0
724400000000	4000
724800000000	0
725200000000	0
725600000000	0
726000000000	4000
726400000000	0
726800000000	0
727200000000	0
727600000000	0
728000000000	4000
728400000000	0
728800000000	4000
729200000000	0
729600000000	0
730000000000	0
730400000000	4000
730800000000	4000
731200000000	0
731600000000	0
732000000000	0
732400000000	0
732800000000	0
733200000000	0
733600000000	0
734000000000	0
734400000000	0
734800000000	4000
735200000000	0
735600000000	0
736000000000	0
736400000000	0
736800000000	0
737200000000	0
737600000000	4000
738000000000	0
738400000000	0
738800000000	0
739200000000	0
739600000000	0
740000000000	4000
740400000000	0
740800000000	0
741200000000	0
741600000000	0
742000000000	0
742400000000	0
742800000000	0
743200000000	0
743600000000	0
744000000000	0
744400000000	0
744800000000	0
745200000000	0
745600000000	0
746000000000	0
746400000000	0
746800000000	0
747200000000	0
747600000000	0
748000000000	0
748400000000	0
748800000000	0
749200000000	0
749600000000	0
750000000000	0
750400000000	0
750800000000	4000
751200000000	0
751600000000	0
752000000000	0
752400000000	-4000
752800000000	0
753200000000	0
753600000000	4000
754000000000	0
754400000000	0
754800000000	4000
755200000000	0
755600000000	4000
756000000000	0
756400000000	0
756800000000	4000
757200000000	0
757600000000	0
758000000000	0
758400000000	4000
758800000000	0
759200000000	0
759600000000	4000
760000000000	0
760400000000	0
760800000000	0
761200000000	0
761600000000	4000
762000000000	0
762400000000	0
762800000000	0
763200000000	4000
763600000000	4000
764000000000	0
764400000000	4000
764800000000	0
765200000000	4000
765600000000	4000
766000000000	4000
766400000000	0
766800000000	0
767200000000	0
767600000000	4000
768000000000	4000
768400000000	4000
768800000000	4000
769200000000	0
769600000000	4000
770000000000	4000
770400000000	4000
770800000000	4000
771200000000	4000
771600000000	4000
772000000000	4000
772400000000	4000
772800000000	4000
773200000000	4000
773600000000	8000
774000000000	4000
774400000000	4000
774800000000	4000
775200000000	4000
775600000000	4000
776000000000	4000
776400000000	4000
776800000000	8000
777200000000	4000
777600000000	8000
778000000000	4000
778400000000	4000
778800000000	4000
779200000000	4000
779600000000	8000
780000000000	4000
780400000000	8000
780800000000	8000
781200000000	8000
781600000000	8000
782000000000	8000
782400000000	8000
782800000000	8000
783200000000	8000
783600000000	8000
784000000000	8000
784400000000	8000
784800000000	8000
785200000000	8000
785600000000	8000
786000000000	12000
786400000000	8000
786800000000	12000
787200000000	12000
787600000000	16000
788000000000	16000
788400000000	16000
788800000000	16000
789200000000	16000
789600000000	20000
790000000000	16000
790400000000	16000
790800000000	16000
791200000000	16000
791600000000	16000
792000000000	16000
792400000000	20000
792800000000	24000
793200000000	24000
793600000000	24000
794000000000	24000
794400000000	24000
794800000000	24000
795200000000	28000
795600000000	28000
796000000000	32000
796400000000	32000
796800000000	32000
797200000000	32000
797600000000	36000
798000000000	40000
798400000000	40000
798800000000	44000
799200000000	44000
799600000000	44000
800000000000	52000
800400000000	64000
800800000000	76000
801200000000	84000
801600000000	84000
802000000000	84000
802400000000	96000
802800000000	124000
803200000000	152000
803600000000	172000
804000000000	176000
804400000000	184000
804800000000	196000
805200000000	220000
805600000000	252000
806000000000	272000
806400000000	272000
806800000000	280000
807200000000	300000
807600000000	336000
808000000000	372000
808400000000	388000
808800000000	392000
809200000000	388000
809600000000	400000
810000000000	428000
810400000000	440000
810800000000	444000
811200000000	440000
811600000000	436000
812000000000	440000
812400000000	440000
812800000000	428000
813200000000	412000
813600000000	416000
814000000000	428000
814400000000	432000
814800000000	412000
815200000000	376000
815600000000	328000
816000000000	308000
816400000000	320000
816800000000	324000
817200000000	296000
817600000000	240000
818000000000	188000
818400000000	156000
818800000000	156000
819200000000	156000
819600000000	136000
820000000000	104000
820400000000	80000
820800000000	72000
821200000000	72000
821600000000	80000
822000000000	72000
822400000000	60000
822800000000	44000
823200000000	36000
823600000000	36000
824000000000	40000
824400000000	40000
824800000000	36000
825200000000	32000
825600000000	28000
826000000000	28000
826400000000	28000
826800000000	28000
827200000000	28000
827600000000	24000
828000000000	20000
828400000000	16000
828800000000	20000
829200000000	20000
829600000000	20000
830000000000	20000
830400000000	16000
830800000000	16000
831200000000	16000
831600000000	16000
832000000000	16000
832400000000	12000
832800000000	12000
833200000000	12000
833600000000	12000
834000000000	12000
834400000000	12000
834800000000	8000
835200000000	12000
835600000000	8000
836000000000	8000
836400000000	8000
836800000000	8000
837200000000	12000
837600000000	8000
838000000000	8000
838400000000	8000
838800000000	8000
839200000000	8000
839600000000	8000
840000000000	8000
840400000000	4000
840800000000	8000
841200000000	8000
841600000000	8000
842000000000	8000
842400000000	8000
842800000000	8000
843200000000	4000
843600000000	4000
844000000000	4000
844400000000	4000
844800000000	8000
845200000000	4000
845600000000	4000
846000000000	4000
846400000000	4000
846800000000	4000
847200000000	4000
847600000000	4000
848000000000	4000
848400000000	4000
848800000000	4000
849200000000	8000
849600000000	4000
850000000000	4000
850400000000	4000
850800000000	4000
851200000000	4000
851600000000	4000
852000000000	0
852400000000	0
852800000000	4000
853200000000	4000
853600000000	4000
854000000000	4000
854400000000	4000
854800000000	4000
855200000000	0
855600000000	4000
856000000000	0
856400000000	4000
856800000000	0
857200000000	4000
857600000000	4000
858000000000	4000
858400000000	4000
858800000000	0
859200000000	0
859600000000	0
860000000000	0
860400000000	4000
860800000000	0
861200000000	0
861600000000	0
862000000000	0
862400000000	0
862800000000	0
863200000000	0
863600000000	0
864000000000	0
864400000000	4000
864800000000	0
865200000000	0
865600000000	0
866000000000	0
866400000000	0
866800000000	0
867200000000	0
867600000000	0
868000000000	0
868400000000	0
868800000000	0
869200000000	0
869600000000	0
870000000000	0
870400000000	4000
870800000000	4000
871200000000	4000
871600000000	0
872000000000	0
872400000000	0
872800000000	0
873200000000	0
873600000000	0
874000000000	0
874400000000	0
874800000000	0
875200000000	0
875600000000	-4000
876000000000	0
876400000000	0
876800000000	0
877200000000	0
877600000000	0
878000000000	0
878400000000	0
878800000000	0
879200000000	0
879600000000	0
880000000000	0
880400000000	0
880800000000	0
881200000000	0
881600000000	0
882000000000	0
882400000000	0
882800000000	0
883200000000	0
883600000000	0
884000000000	0
884400000000	0
884800000000	-4000
885200000000	0
885600000000	0
886000000000	0
886400000000	0
886800000000	0
887200000000	0
887600000000	0
888000000000	0
888400000000	0
888800000000	0
889200000000	0
889600000000	-4000
890000000000	0
890400000000	-4000
890800000000	0
891200000000	0
891600000000	0
892000000000	0
892400000000	0
892800000000	0
893200000000	4000
893600000000	0
894000000000	0
894400000000	0
894800000000	0
895200000000	0
895600000000	0
896000000000	0
896400000000	0
896800000000	0
897200000000	0
897600000000	-4000
898000000000	0
898400000000	0
898800000000	0
899200000000	0
899600000000	0
900000000000	0
900400000000	0
900800000000	0
901200000000	4000
901600000000	0
902000000000	0
902400000000	0
902800000000	0
903200000000	0
903600000000	0
904000000000	-4000
904400000000	0
904800000000	0
905200000000	0
905600000000	0
906000000000	0
906400000000	0
906800000000	0
907200000000	0
907600000000	0
908000000000	0
908400000000	0
908800000000	0
909200000000	0
909600000000	0
910000000000	0
910400000000	0
910800000000	0
911200000000	0
911600000000	0
912000000000	0
912400000000	0
912800000000	0
913200000000	0
913600000000	0
914000000000	0
914400000000	0
914800000000	0
915200000000	0
915600000000	-4000
916000000000	0
916400000000	0
916800000000	0
917200000000	0
917600000000	0
918000000000	0
918400000000	0
918800000000	0
919200000000	0
919600000000	0
920000000000	-4000
920400000000	4000
920800000000	0
921200000000	0
921600000000	0
922000000000	0
922400000000	0
922800000000	0
923200000000	0
923600000000	0
924000000000	0
924400000000	0
924800000000	0
925200000000	0
925600000000	0
926000000000	0
926400000000	-4000
926800000000	-4000
927200000000	0
927600000000	0
928000000000	0
928400000000	0
928800000000	0
929200000000	0
929600000000	0
930000000000	0
930400000000	0
930800000000	0
931200000000	0
931600000000	0
932000000000	0
932400000000	0
932800000000	0
933200000000	0
933600000000	0
934000000000	0
934400000000	0
934800000000	0
935200000000	0
935600000000	0
936000000000	0
936400000000	-4000
936800000000	4000
937200000000	0
937600000000	0
938000000000	0
938400000000	0
938800000000	0
939200000000	0
939600000000	0
940000000000	0
940400000000	0
940800000000	-4000
941200000000	0
941600000000	0
942000000000	0
942400000000	0
942800000000	0
943200000000	0
943600000000	0
944000000000	0
944400000000	0
944800000000	0
945200000000	0
945600000000	0
946000000000	0
946400000000	0
946800000000	0
947200000000	0
947600000000	-4000
948000000000	0
948400000000	-4000
948800000000	-4000
949200000000	0
949600000000	0
950000000000	0
950400000000	0
950800000000	0
951200000000	0
951600000000	0
952000000000	0
952400000000	0
952800000000	0
953200000000	0
953600000000	0
954000000000	0
954400000000	0
954800000000	0
955200000000	-4000
955600000000	0
956000000000	0
956400000000	0
956800000000	0
957200000000	0
957600000000	0
958000000000	0
958400000000	0
958800000000	0
959200000000	0
959600000000	0
960000000000	0
960400000000	0
960800000000	0
961200000000	0
961600000000	0
962000000000	0
962400000000	0
962800000000	0
963200000000	0
963600000000	0
964000000000	0
964400000000	0
964800000000	0
965200000000	0
965600000000	0
966000000000	0
966400000000	0
966800000000	0
967200000000	0
967600000000	0
968000000000	0
968400000000	0
968800000000	0
969200000000	0
969600000000	0
970000000000	0
970400000000	0
970800000000	-4000
971200000000	-4000
971600000000	4000
972000000000	0
972400000000	0
972800000000	0
973200000000	0
973600000000	0
974000000000	0
974400000000	0
974800000000	0
975200000000	-188000
975600000000	-188000
976000000000	-188000
976400000000	-188000
976800000000	-188000
977200000000	-188000
977600000000	-188000
978000000000	-188000
978400000000	-188000
978800000000	-188000
979200000000	-188000
979600000000	-188000
980000000000	-188000
980400000000	-188000
980800000000	-188000
981200000000	-188000
981600000000	-188000
982000000000	-188000
982400000000	-188000
982800000000	-188000
983200000000	-188000
983600000000	-188000
984000000000	-188000
984400000000	-188000
984800000000	-188000
985200000000	-188000
985600000000	-188000
986000000000	-188000
986400000000	-188000
986800000000	-188000
987200000000	-188000
987600000000	-188000
988000000000	-188000
988400000000	-188000
988800000000	-188000
989200000000	-188000
989600000000	-188000
990000000000	-188000
990400000000	-188000
990800000000	-188000
991200000000	-188000
991600000000	-188000
992000000000	-188000
992400000000	-188000
992800000000	-188000
993200000000	-188000
993600000000	-188000
994000000000	-188000
994400000000	-188000
994800000000	-188000
995200000000	-188000
995600000000	-188000
996000000000	-188000
996400000000	-188000
996800000000	-188000
997200000000	-188000
997600000000	-188000
998000000000	-188000
998400000000	-188000
998800000000	-188000
999200000000	-188000
999600000000	-188000