0	28000
400000000	28000
800000000	24000
1200000000	28000
1600000000	28000
2000000000	28000
2400000000	28000
2800000000	32000
3200000000	32000
3600000000	32000
4000000000	28000
4400000000	32000
4800000000	32000
5200000000	32000
5600000000	36000
6000000000	32000
6400000000	36000
6800000000	36000
7200000000	36000
7600000000	36000
8000000000	40000
8400000000	40000
8800000000	40000
9200000000	40000
9600000000	36000
10000000000	40000
10400000000	40000
10800000000	40000
11200000000	44000
11600000000	44000
12000000000	44000
12400000000	44000
12800000000	48000
13200000000	48000
13600000000	48000
14000000000	48000
14400000000	48000
14800000000	-204000
15200000000	-204000
15600000000	-204000
16000000000	-204000
16400000000	-204000
16800000000	-204000
17200000000	-204000
17600000000	-204000
18000000000	-204000
18400000000	-204000
18800000000	-204000
19200000000	-204000
19600000000	-204000
20000000000	-204000
20400000000	-204000
20800000000	-204000
21200000000	-204000
21600000000	-204000
22000000000	-204000
22400000000	-204000
22800000000	-204000
23200000000	-204000
23600000000	-204000
24000000000	-204000
24400000000	-204000
24800000000	-204000
25200000000	-204000
25600000000	-204000
26000000000	-204000
26400000000	-204000
26800000000	-204000
27200000000	-204000
27600000000	-204000
28000000000	-204000
28400000000	-204000
28800000000	-204000
29200000000	-204000
29600000000	-204000
30000000000	-204000
30400000000	-204000
30800000000	-204000
31200000000	-204000
31600000000	-204000
32000000000	-204000
32400000000	-204000
32800000000	-204000
33200000000	-204000
33600000000	-204000
34000000000	-204000
34400000000	-204000
34800000000	-204000
35200000000	-204000
35600000000	-204000
36000000000	-204000
36400000000	-204000
36800000000	-204000
37200000000	-204000
37600000000	-204000
38000000000	-204000
38400000000	-204000
38800000000	-204000
39200000000	-204000
39600000000	-204000
40000000000	-204000
40400000000	-204000
40800000000	-204000
41200000000	-204000
41600000000	-204000
42000000000	-204000
42400000000	-204000
42800000000	-204000
43200000000	-204000
43600000000	-204000
44000000000	-204000
44400000000	-204000
44800000000	-204000
45200000000	-204000
45600000000	-204000
46000000000	-204000
46400000000	-204000
46800000000	-204000
47200000000	-204000
47600000000	-204000
48000000000	-204000
48400000000	-204000
48800000000	-204000
49200000000	-204000
49600000000	-204000
50000000000	-204000
50400000000	-204000
50800000000	-204000
51200000000	-204000
51600000000	-204000
52000000000	-204000
52400000000	-204000
52800000000	-204000
53200000000	-204000
53600000000	-204000
54000000000	-204000
54400000000	-204000
54800000000	-204000
55200000000	-204000
55600000000	-204000
56000000000	-204000
56400000000	-204000
56800000000	-204000
57200000000	-204000
57600000000	-204000
58000000000	-204000
58400000000	-204000
58800000000	-204000
59200000000	-204000
59600000000	-204000
60000000000	-204000
60400000000	-204000
60800000000	-204000
61200000000	-204000
61600000000	-204000
62000000000	-204000
62400000000	-204000
62800000000	-204000
63200000000	-204000
63600000000	-204000
64000000000	-204000
64400000000	-204000
64800000000	-204000
65200000000	-204000
65600000000	-204000
66000000000	-204000
66400000000	-204000
66800000000	-204000
67200000000	-204000
67600000000	-204000
68000000000	-204000
68400000000	-204000
68800000000	-204000
69200000000	-204000
69600000000	-204000
70000000000	-204000
70400000000	-204000
70800000000	-204000
71200000000	-204000
71600000000	-204000
72000000000	-204000
72400000000	-204000
72800000000	-204000
73200000000	-204000
73600000000	-204000
74000000000	-204000
74400000000	-204000
74800000000	-204000
75200000000	-204000
75600000000	-204000
76000000000	-204000
76400000000	-204000
76800000000	-204000
77200000000	-204000
77600000000	-204000
78000000000	-204000
78400000000	-204000
78800000000	-204000
79200000000	-204000
79600000000	-204000
80000000000	-204000
80400000000	-204000
80800000000	-204000
81200000000	-204000
81600000000	-204000
82000000000	-204000
82400000000	-204000
82800000000	-204000
83200000000	-204000
83600000000	-204000
84000000000	-204000
84400000000	-204000
84800000000	-204000
85200000000	-204000
85600000000	-204000
86000000000	-204000
86400000000	-204000
86800000000	-204000
87200000000	-204000
87600000000	-204000
88000000000	-204000
88400000000	-204000
88800000000	-204000
89200000000	-204000
89600000000	-204000
90000000000	-204000
90400000000	-204000
90800000000	-204000
91200000000	-204000
91600000000	-204000
92000000000	-204000
92400000000	-204000
92800000000	-204000
93200000000	-204000
93600000000	-204000
94000000000	-204000
94400000000	-204000
94800000000	-204000
95200000000	-204000
95600000000	-204000
96000000000	-204000
96400000000	-204000
96800000000	-204000
97200000000	-204000
97600000000	-204000
98000000000	-204000
98400000000	-204000
98800000000	-204000
99200000000	-204000
99600000000	-204000
100000000000	-204000
100400000000	-204000
100800000000	-204000
101200000000	-204000
101600000000	-204000
102000000000	-204000
102400000000	-204000
102800000000	-204000
103200000000	-204000
103600000000	-204000
104000000000	-204000
104400000000	-204000
104800000000	-204000
105200000000	-204000
105600000000	-204000
106000000000	-204000
106400000000	-204000
106800000000	-204000
107200000000	-204000
107600000000	-204000
108000000000	-204000
108400000000	-204000
108800000000	-204000
109200000000	-204000
109600000000	-204000
110000000000	-204000
110400000000	-204000
110800000000	-204000
111200000000	-204000
111600000000	-204000
112000000000	-204000
112400000000	-204000
112800000000	-204000
113200000000	-204000
113600000000	-204000
114000000000	-204000
114400000000	-204000
114800000000	28000
115200000000	28000
115600000000	28000
116000000000	28000
116400000000	28000
116800000000	28000
117200000000	24000
117600000000	24000
118000000000	24000
118400000000	24000
118800000000	24000
119200000000	24000
119600000000	24000
120000000000	24000
120400000000	20000
120800000000	24000
121200000000	20000
121600000000	24000
122000000000	20000
122400000000	20000
122800000000	20000
123200000000	20000
123600000000	16000
124000000000	16000
124400000000	16000
124800000000	20000
125200000000	20000
125600000000	20000
126000000000	20000
126400000000	16000
126800000000	16000
127200000000	16000
127600000000	16000
128000000000	16000
128400000000	16000
128800000000	16000
129200000000	20000
129600000000	16000
130000000000	16000
130400000000	16000
130800000000	16000
131200000000	16000
131600000000	16000
132000000000	16000
132400000000	12000
132800000000	12000
133200000000	12000
133600000000	12000
134000000000	12000
134400000000	12000
134800000000	12000
135200000000	12000
135600000000	12000
136000000000	12000
136400000000	12000
136800000000	12000
137200000000	12000
137600000000	12000
138000000000	12000
138400000000	12000
138800000000	12000
139200000000	12000
139600000000	12000
140000000000	12000
140400000000	12000
140800000000	12000
141200000000	12000
141600000000	12000
142000000000	12000
142400000000	12000
142800000000	8000
143200000000	8000
143600000000	12000
144000000000	12000
144400000000	12000
144800000000	8000
145200000000	12000
145600000000	12000
146000000000	12000
146400000000	12000
146800000000	12000
147200000000	12000
147600000000	8000
148000000000	8000
148400000000	8000
148800000000	12000
149200000000	12000
149600000000	12000
150000000000	8000
150400000000	12000
150800000000	8000
151200000000	12000
151600000000	8000
152000000000	12000
152400000000	12000
152800000000	12000
153200000000	8000
153600000000	12000
154000000000	8000
154400000000	8000
154800000000	12000
155200000000	12000
155600000000	8000
156000000000	12000
156400000000	8000
156800000000	8000
157200000000	8000
157600000000	12000
158000000000	8000
158400000000	8000
158800000000	8000
159200000000	8000
159600000000	12000
160000000000	8000
160400000000	12000
160800000000	12000
161200000000	12000
161600000000	8000
162000000000	8000
162400000000	8000
162800000000	12000
163200000000	8000
163600000000	12000
164000000000	8000
164400000000	8000
164800000000	12000
165200000000	8000
165600000000	8000
166000000000	8000
166400000000	8000
166800000000	8000
167200000000	12000
167600000000	8000
168000000000	8000
168400000000	8000
168800000000	8000
169200000000	8000
169600000000	12000
170000000000	8000
170400000000	12000
170800000000	8000
171200000000	8000
171600000000	8000
172000000000	8000
172400000000	8000
172800000000	8000
173200000000	8000
173600000000	8000
174000000000	8000
174400000000	12000
174800000000	8000
175200000000	8000
175600000000	8000
176000000000	4000
176400000000	8000
176800000000	8000
177200000000	8000
177600000000	12000
178000000000	8000
178400000000	8000
178800000000	8000
179200000000	8000
179600000000	12000
180000000000	8000
180400000000	8000
180800000000	8000
181200000000	8000
181600000000	8000
182000000000	8000
182400000000	8000
182800000000	8000
183200000000	8000
183600000000	12000
184000000000	8000
184400000000	8000
184800000000	12000
185200000000	8000
185600000000	8000
186000000000	8000
186400000000	8000
186800000000	8000
187200000000	12000
187600000000	12000
188000000000	8000
188400000000	12000
188800000000	8000
189200000000	12000
189600000000	8000
190000000000	8000
190400000000	12000
190800000000	8000
191200000000	8000
191600000000	12000
192000000000	8000
192400000000	8000
192800000000	12000
193200000000	8000
193600000000	12000
194000000000	8000
194400000000	12000
194800000000	8000
195200000000	12000
195600000000	8000
196000000000	8000
196400000000	12000
196800000000	8000
197200000000	8000
197600000000	12000
198000000000	12000
198400000000	12000
198800000000	8000
199200000000	8000
199600000000	12000
200000000000	8000
200400000000	12000
200800000000	12000
201200000000	8000
201600000000	8000
202000000000	12000
202400000000	12000
202800000000	12000
203200000000	12000
203600000000	8000
204000000000	12000
204400000000	8000
204800000000	12000
205200000000	12000
205600000000	8000
206000000000	12000
206400000000	12000
206800000000	12000
207200000000	8000
207600000000	12000
208000000000	8000
208400000000	12000
208800000000	8000
209200000000	12000
209600000000	8000
210000000000	12000
210400000000	12000
210800000000	12000
211200000000	12000
211600000000	12000
212000000000	12000
212400000000	12000
212800000000	12000
213200000000	12000
213600000000	8000
214000000000	12000
214400000000	12000
214800000000	12000
215200000000	12000
215600000000	12000
216000000000	12000
216400000000	12000
216800000000	12000
217200000000	12000
217600000000	12000
218000000000	12000
218400000000	12000
218800000000	12000
219200000000	12000
219600000000	12000
220000000000	12000
220400000000	12000
220800000000	12000
221200000000	12000
221600000000	12000
222000000000	12000
222400000000	16000
222800000000	12000
223200000000	12000
223600000000	12000
224000000000	12000
224400000000	12000
224800000000	16000
225200000000	12000
225600000000	12000
226000000000	12000
226400000000	12000
226800000000	16000
227200000000	16000
227600000000	12000
228000000000	12000
228400000000	12000
228800000000	16000
229200000000	16000
229600000000	16000
230000000000	16000
230400000000	16000
230800000000	16000
231200000000	16000
231600000000	16000
232000000000	16000
232400000000	16000
232800000000	16000
233200000000	16000
233600000000	20000
234000000000	20000
234400000000	16000
234800000000	20000
235200000000	16000
235600000000	20000
236000000000	16000
236400000000	16000
236800000000	16000
237200000000	16000
237600000000	24000
238000000000	24000
238400000000	20000
238800000000	20000
239200000000	20000
239600000000	24000
240000000000	24000
240400000000	20000
240800000000	20000
241200000000	20000
241600000000	20000
242000000000	24000
242400000000	24000
242800000000	24000
243200000000	24000
243600000000	24000
244000000000	24000
244400000000	24000
244800000000	20000
245200000000	20000
245600000000	24000
246000000000	28000
246400000000	24000
246800000000	28000
247200000000	24000
247600000000	24000
248000000000	28000
248400000000	28000
248800000000	28000
249200000000	28000
249600000000	28000
250000000000	28000
250400000000	28000
250800000000	32000
251200000000	28000
251600000000	28000
252000000000	32000
252400000000	32000
252800000000	36000
253200000000	32000
253600000000	32000
254000000000	32000
254400000000	32000
254800000000	36000
255200000000	36000
255600000000	32000
256000000000	36000
256400000000	40000
256800000000	40000
257200000000	40000
257600000000	40000
258000000000	36000
258400000000	44000
258800000000	40000
259200000000	44000
259600000000	44000
260000000000	40000
260400000000	44000
260800000000	44000
261200000000	48000
261600000000	48000
262000000000	44000
262400000000	44000
262800000000	48000
263200000000	56000
263600000000	48000
264000000000	48000
264400000000	48000
264800000000	56000
265200000000	64000
265600000000	60000
266000000000	56000
266400000000	52000
266800000000	56000
267200000000	64000
267600000000	68000
268000000000	60000
268400000000	56000
268800000000	60000
269200000000	72000
269600000000	84000
270000000000	76000
270400000000	68000
270800000000	68000
271200000000	76000
271600000000	84000
272000000000	88000
272400000000	84000
272800000000	76000
273200000000	80000
273600000000	92000
274000000000	108000
274400000000	104000
274800000000	92000
275200000000	96000
275600000000	112000
276000000000	124000
276400000000	116000
276800000000	108000
277200000000	112000
277600000000	128000
278000000000	156000
278400000000	172000
278800000000	152000
279200000000	136000
279600000000	144000
280000000000	180000
280400000000	184000
280800000000	152000
281200000000	144000
281600000000	192000
282000000000	260000
282400000000	272000
282800000000	224000
283200000000	188000
283600000000	204000
284000000000	256000
284400000000	308000
284800000000	304000
285200000000	252000
285600000000	228000
286000000000	276000
286400000000	352000
286800000000	368000
287200000000	308000
287600000000	276000
288000000000	328000
288400000000	404000
288800000000	416000
289200000000	380000
289600000000	352000
290000000000	360000
290400000000	400000
290800000000	428000
291200000000	436000
291600000000	428000
292000000000	416000
292400000000	432000
292800000000	444000
293200000000	448000
293600000000	428000
294000000000	432000
294400000000	448000
294800000000	448000
295200000000	452000
295600000000	452000
296000000000	448000
296400000000	452000
296800000000	440000
297200000000	428000
297600000000	436000
298000000000	448000
298400000000	452000
298800000000	436000
299200000000	412000
299600000000	412000
300000000000	436000
300400000000	436000
300800000000	396000
301200000000	356000
301600000000	368000
302000000000	408000
302400000000	420000
302800000000	396000
303200000000	352000
303600000000	320000
304000000000	320000
304400000000	356000
304800000000	372000
305200000000	352000
305600000000	316000
306000000000	308000
306400000000	332000
306800000000	328000
307200000000	284000
307600000000	256000
308000000000	268000
308400000000	296000
308800000000	296000
309200000000	264000
309600000000	228000
310000000000	216000
310400000000	224000
310800000000	248000
311200000000	256000
311600000000	232000
312000000000	200000
312400000000	196000
312800000000	212000
313200000000	212000
313600000000	184000
314000000000	164000
314400000000	172000
314800000000	192000
315200000000	192000
315600000000	176000
316000000000	156000
316400000000	144000
316800000000	148000
317200000000	164000
317600000000	172000
318000000000	160000
318400000000	136000
318800000000	132000
319200000000	144000
319600000000	144000
320000000000	132000
320400000000	116000
320800000000	116000
321200000000	128000
321600000000	128000
322000000000	120000
322400000000	108000
322800000000	104000
323200000000	100000
323600000000	112000
324000000000	112000
324400000000	108000
324800000000	92000
325200000000	92000
325600000000	96000
326000000000	96000
326400000000	92000
326800000000	80000
327200000000	80000
327600000000	84000
328000000000	84000
328400000000	80000
328800000000	72000
329200000000	64000
329600000000	64000
330000000000	72000
330400000000	76000
330800000000	72000
331200000000	60000
331600000000	60000
332000000000	64000
332400000000	64000
332800000000	60000
333200000000	52000
333600000000	52000
334000000000	56000
334400000000	56000
334800000000	56000
335200000000	48000
335600000000	48000
336000000000	44000
336400000000	52000
336800000000	48000
337200000000	44000
337600000000	44000
338000000000	40000
338400000000	44000
338800000000	44000
339200000000	40000
339600000000	40000
340000000000	36000
340400000000	40000
340800000000	44000
341200000000	36000
341600000000	40000
342000000000	36000
342400000000	32000
342800000000	32000
343200000000	32000
343600000000	36000
344000000000	36000
344400000000	32000
344800000000	32000
345200000000	36000
345600000000	32000
346000000000	32000
346400000000	28000
346800000000	32000
347200000000	32000
347600000000	32000
348000000000	32000
348400000000	28000
348800000000	28000
349200000000	28000
349600000000	32000
350000000000	28000
350400000000	28000
350800000000	24000
351200000000	24000
351600000000	28000
352000000000	24000
352400000000	24000
352800000000	24000
353200000000	24000
353600000000	24000
354000000000	24000
354400000000	24000
354800000000	24000
355200000000	20000
355600000000	24000
356000000000	24000
356400000000	24000
356800000000	20000
357200000000	20000
357600000000	24000
358000000000	24000
358400000000	20000
358800000000	20000
359200000000	20000
359600000000	20000
360000000000	20000
360400000000	20000
360800000000	20000
361200000000	20000
361600000000	16000
362000000000	16000
362400000000	20000
362800000000	16000
363200000000	16000
363600000000	20000
364000000000	20000
364400000000	16000
364800000000	20000
365200000000	16000
365600000000	16000
366000000000	16000
366400000000	16000
366800000000	16000
367200000000	16000
367600000000	20000
368000000000	16000
368400000000	12000
368800000000	16000
369200000000	16000
369600000000	16000
370000000000	12000
370400000000	16000
370800000000	16000
371200000000	16000
371600000000	12000
372000000000	12000
372400000000	12000
372800000000	16000
373200000000	16000
373600000000	12000
374000000000	12000
374400000000	16000
374800000000	12000
375200000000	12000
375600000000	12000
376000000000	12000
376400000000	12000
376800000000	12000
377200000000	12000
377600000000	16000
378000000000	12000
378400000000	12000
378800000000	12000
379200000000	12000
379600000000	12000
380000000000	12000
380400000000	12000
380800000000	12000
381200000000	12000
381600000000	12000
382000000000	12000
382400000000	12000
382800000000	12000
383200000000	12000
383600000000	12000
384000000000	12000
384400000000	12000
384800000000	8000
385200000000	12000
385600000000	12000
386000000000	12000
386400000000	8000
386800000000	12000
387200000000	12000
387600000000	12000
388000000000	12000
388400000000	12000
388800000000	12000
389200000000	12000
389600000000	12000
390000000000	12000
390400000000	12000
390800000000	12000
391200000000	12000
391600000000	12000
392000000000	12000
392400000000	12000
392800000000	12000
393200000000	8000
393600000000	8000
394000000000	8000
394400000000	12000
394800000000	12000
395200000000	8000
395600000000	12000
396000000000	8000
396400000000	8000
396800000000	8000
397200000000	12000
397600000000	12000
398000000000	12000
398400000000	12000
398800000000	12000
399200000000	12000
399600000000	8000
400000000000	8000
400400000000	12000
400800000000	8000
401200000000	8000
401600000000	8000
402000000000	12000
402400000000	8000
402800000000	8000
403200000000	8000
403600000000	8000
404000000000	8000
404400000000	12000
404800000000	12000
405200000000	8000
405600000000	8000
406000000000	8000
406400000000	12000
406800000000	8000
407200000000	12000
407600000000	8000
408000000000	8000
408400000000	12000
408800000000	8000
409200000000	12000
409600000000	8000
410000000000	8000
410400000000	8000
410800000000	8000
411200000000	12000
411600000000	8000
412000000000	8000
412400000000	8000
412800000000	8000
413200000000	8000
413600000000	8000
414000000000	8000
414400000000	8000
414800000000	8000
415200000000	8000
415600000000	8000
416000000000	8000
416400000000	12000
416800000000	8000
417200000000	8000
417600000000	8000
418000000000	8000
418400000000	8000
418800000000	8000
419200000000	12000
419600000000	8000
420000000000	8000
420400000000	4000
420800000000	8000
421200000000	8000
421600000000	8000
422000000000	8000
422400000000	8000
422800000000	8000
423200000000	12000
423600000000	8000
424000000000	8000
424400000000	8000
424800000000	8000
425200000000	8000
425600000000	8000
426000000000	8000
426400000000	8000
426800000000	12000
427200000000	8000
427600000000	8000
428000000000	8000
428400000000	8000
428800000000	8000
429200000000	8000
429600000000	8000
430000000000	12000
430400000000	8000
430800000000	8000
431200000000	8000
431600000000	8000
432000000000	8000
432400000000	8000
432800000000	8000
433200000000	8000
433600000000	8000
434000000000	8000
434400000000	8000
434800000000	8000
435200000000	12000
435600000000	12000
436000000000	8000
436400000000	8000
436800000000	8000
437200000000	8000
437600000000	8000
438000000000	12000
438400000000	8000
438800000000	8000
439200000000	8000
439600000000	8000
440000000000	8000
440400000000	8000
440800000000	4000
441200000000	8000
441600000000	8000
442000000000	8000
442400000000	8000
442800000000	8000
443200000000	8000
443600000000	4000
444000000000	8000
444400000000	8000
444800000000	8000
445200000000	8000
445600000000	8000
446000000000	8000
446400000000	8000
446800000000	8000
447200000000	8000
447600000000	8000
448000000000	8000
448400000000	8000
448800000000	8000
449200000000	8000
449600000000	8000
450000000000	8000
450400000000	8000
450800000000	8000
451200000000	8000
451600000000	8000
452000000000	8000
452400000000	8000
452800000000	12000
453200000000	8000
453600000000	8000
454000000000	8000
454400000000	8000
454800000000	8000
455200000000	8000
455600000000	8000
456000000000	8000
456400000000	8000
456800000000	12000
457200000000	8000
457600000000	8000
458000000000	8000
458400000000	8000
458800000000	8000
459200000000	8000
459600000000	12000
460000000000	12000
460400000000	12000
460800000000	8000
461200000000	8000
461600000000	8000
462000000000	8000
462400000000	8000
462800000000	8000
463200000000	8000
463600000000	8000
464000000000	12000
464400000000	8000
464800000000	8000
465200000000	8000
465600000000	12000
466000000000	8000
466400000000	8000
466800000000	8000
467200000000	8000
467600000000	8000
468000000000	12000
468400000000	12000
468800000000	8000
469200000000	12000
469600000000	8000
470000000000	8000
470400000000	8000
470800000000	8000
471200000000	8000
471600000000	12000
472000000000	8000
472400000000	12000
472800000000	12000
473200000000	8000
473600000000	8000
474000000000	8000
474400000000	12000
474800000000	12000
475200000000	12000
475600000000	12000
476000000000	8000
476400000000	8000
476800000000	12000
477200000000	12000
477600000000	12000
478000000000	8000
478400000000	12000
478800000000	8000
479200000000	12000
479600000000	12000
480000000000	12000
480400000000	12000
480800000000	12000
481200000000	12000
481600000000	12000
482000000000	12000
482400000000	12000
482800000000	12000
483200000000	12000
483600000000	16000
484000000000	12000
484400000000	12000
484800000000	12000
485200000000	12000
485600000000	12000
486000000000	12000
486400000000	12000
486800000000	12000
487200000000	12000
487600000000	12000
488000000000	16000
488400000000	12000
488800000000	12000
489200000000	12000
489600000000	12000
490000000000	16000
490400000000	12000
490800000000	16000
491200000000	12000
491600000000	12000
492000000000	12000
492400000000	16000
492800000000	16000
493200000000	12000
493600000000	16000
494000000000	16000
494400000000	16000
494800000000	12000
495200000000	16000
495600000000	16000
496000000000	16000
496400000000	16000
496800000000	16000
497200000000	16000
497600000000	16000
498000000000	20000
498400000000	16000
498800000000	20000
499200000000	20000
499600000000	20000
500000000000	20000
500400000000	20000
500800000000	20000
501200000000	20000
501600000000	16000
502000000000	20000
502400000000	24000
502800000000	20000
503200000000	20000
503600000000	20000
504000000000	24000
504400000000	20000
504800000000	20000
505200000000	20000
505600000000	24000
506000000000	24000
506400000000	24000
506800000000	24000
507200000000	24000
507600000000	24000
508000000000	24000
508400000000	24000
508800000000	24000
509200000000	24000
509600000000	24000
510000000000	24000
510400000000	24000
510800000000	24000
511200000000	24000
511600000000	28000
512000000000	28000
512400000000	32000
512800000000	28000
513200000000	28000
513600000000	28000
514000000000	28000
514400000000	32000
514800000000	36000
515200000000	32000
515600000000	32000
516000000000	28000
516400000000	32000
516800000000	32000
517200000000	32000
517600000000	36000
518000000000	36000
518400000000	36000
518800000000	36000
519200000000	36000
519600000000	36000
520000000000	40000
520400000000	40000
520800000000	44000
521200000000	44000
521600000000	44000
522000000000	40000
522400000000	40000
522800000000	44000
523200000000	48000
523600000000	52000
524000000000	48000
524400000000	52000
524800000000	52000
525200000000	52000
525600000000	52000
526000000000	52000
526400000000	52000
526800000000	60000
527200000000	64000
527600000000	64000
528000000000	64000
528400000000	56000
528800000000	56000
529200000000	64000
529600000000	76000
530000000000	80000
530400000000	72000
530800000000	68000
531200000000	72000
531600000000	80000
532000000000	80000
532400000000	84000
532800000000	88000
533200000000	88000
533600000000	92000
534000000000	96000
534400000000	96000
534800000000	92000
535200000000	88000
535600000000	104000
536000000000	132000
536400000000	148000
536800000000	132000
537200000000	116000
537600000000	116000
538000000000	132000
538400000000	148000
538800000000	160000
539200000000	172000
539600000000	184000
540000000000	188000
540400000000	188000
540800000000	196000
541200000000	192000
541600000000	180000
542000000000	192000
542400000000	240000
542800000000	276000
543200000000	268000
543600000000	244000
544000000000	256000
544400000000	296000
544800000000	324000
545200000000	324000
545600000000	320000
546000000000	320000
546400000000	320000
546800000000	340000
547200000000	368000
547600000000	384000
548000000000	368000
548400000000	364000
548800000000	396000
549200000000	428000
549600000000	428000
550000000000	404000
550400000000	400000
550800000000	432000
551200000000	448000
551600000000	452000
552000000000	452000
552400000000	448000
552800000000	440000
553200000000	444000
553600000000	456000
554000000000	448000
554400000000	448000
554800000000	452000
555200000000	456000
555600000000	448000
556000000000	440000
556400000000	440000
556800000000	448000
557200000000	436000
557600000000	412000
558000000000	396000
558400000000	396000
558800000000	404000
559200000000	412000
559600000000	412000
560000000000	400000
560400000000	364000
560800000000	344000
561200000000	364000
561600000000	380000
562000000000	360000
562400000000	320000
562800000000	312000
563200000000	332000
563600000000	340000
564000000000	316000
564400000000	280000
564800000000	272000
565200000000	276000
565600000000	280000
566000000000	284000
566400000000	280000
566800000000	256000
567200000000	228000
567600000000	224000
568000000000	244000
568400000000	256000
568800000000	228000
569200000000	200000
569600000000	196000
570000000000	208000
570400000000	208000
570800000000	192000
571200000000	176000
571600000000	168000
572000000000	168000
572400000000	168000
572800000000	176000
573200000000	176000
573600000000	156000
574000000000	140000
574400000000	144000
574800000000	156000
575200000000	148000
575600000000	124000
576000000000	112000
576400000000	120000
576800000000	136000
577200000000	132000
577600000000	116000
578000000000	104000
578400000000	100000
578800000000	100000
579200000000	104000
579600000000	104000
580000000000	100000
580400000000	88000
580800000000	84000
581200000000	92000
581600000000	92000
582000000000	88000
582400000000	80000
582800000000	76000
583200000000	80000
583600000000	84000
584000000000	80000
584400000000	68000
584800000000	64000
585200000000	68000
585600000000	64000
586000000000	68000
586400000000	68000
586800000000	64000
587200000000	60000
587600000000	56000
588000000000	60000
588400000000	60000
588800000000	52000
589200000000	48000
589600000000	56000
590000000000	56000
590400000000	56000
590800000000	48000
591200000000	44000
591600000000	44000
592000000000	44000
592400000000	48000
592800000000	48000
593200000000	44000
593600000000	44000
594000000000	40000
594400000000	40000
594800000000	44000
595200000000	40000
595600000000	36000
596000000000	36000
596400000000	36000
596800000000	40000
597200000000	40000
597600000000	32000
598000000000	32000
598400000000	36000
598800000000	36000
599200000000	32000
599600000000	32000
600000000000	32000
600400000000	28000
600800000000	28000
601200000000	32000
601600000000	32000
602000000000	28000
602400000000	28000
602800000000	28000
603200000000	24000
603600000000	28000
604000000000	28000
604400000000	24000
604800000000	24000
605200000000	24000
605600000000	24000
606000000000	24000
606400000000	24000
606800000000	24000
607200000000	24000
607600000000	24000
608000000000	24000
608400000000	24000
608800000000	24000
609200000000	24000
609600000000	20000
610000000000	20000
610400000000	24000
610800000000	20000
611200000000	20000
611600000000	20000
612000000000	20000
612400000000	20000
612800000000	20000
613200000000	20000
613600000000	16000
614000000000	20000
614400000000	20000
614800000000	20000
615200000000	20000
615600000000	16000
616000000000	16000
616400000000	16000
616800000000	20000
617200000000	16000
617600000000	16000
618000000000	16000
618400000000	16000
618800000000	16000
619200000000	16000
619600000000	12000
620000000000	16000
620400000000	16000
620800000000	16000
621200000000	16000
621600000000	16000
622000000000	16000
622400000000	16000
622800000000	12000
623200000000	16000
623600000000	12000
624000000000	12000
624400000000	12000
624800000000	12000
625200000000	16000
625600000000	16000
626000000000	16000
626400000000	12000
626800000000	12000
627200000000	12000
627600000000	16000
628000000000	16000
628400000000	12000
628800000000	12000
629200000000	12000
629600000000	12000
630000000000	12000
630400000000	12000
630800000000	12000
631200000000	12000
631600000000	12000
632000000000	12000
632400000000	12000
632800000000	12000
633200000000	12000
633600000000	12000
634000000000	12000
634400000000	12000
634800000000	12000
635200000000	12000
635600000000	12000
636000000000	12000
636400000000	12000
636800000000	12000
637200000000	8000
637600000000	12000
638000000000	12000
638400000000	8000
638800000000	12000
639200000000	8000
639600000000	12000
640000000000	12000
640400000000	12000
640800000000	12000
641200000000	12000
641600000000	8000
642000000000	12000
642400000000	12000
642800000000	12000
643200000000	8000
643600000000	12000
644000000000	12000
644400000000	8000
644800000000	8000
645200000000	12000
645600000000	12000
646000000000	12000
646400000000	8000
646800000000	12000
647200000000	8000
647600000000	8000
648000000000	8000
648400000000	8000
648800000000	8000
649200000000	8000
649600000000	8000
650000000000	12000
650400000000	12000
650800000000	12000
651200000000	8000
651600000000	8000
652000000000	12000
652400000000	8000
652800000000	12000
653200000000	8000
653600000000	8000
654000000000	8000
654400000000	8000
654800000000	12000
655200000000	8000
655600000000	8000
656000000000	12000
656400000000	12000
656800000000	8000
657200000000	8000
657600000000	8000
658000000000	8000
658400000000	8000
658800000000	12000
659200000000	8000
659600000000	8000
660000000000	8000
660400000000	8000
660800000000	12000
661200000000	8000
661600000000	8000
662000000000	8000
662400000000	8000
662800000000	8000
663200000000	8000
663600000000	8000
664000000000	8000
664400000000	8000
664800000000	12000
665200000000	8000
665600000000	8000
666000000000	8000
666400000000	8000
666800000000	12000
667200000000	8000
667600000000	8000
668000000000	8000
668400000000	8000
668800000000	8000
669200000000	8000
669600000000	8000
670000000000	8000
670400000000	8000
670800000000	8000
671200000000	8000
671600000000	8000
672000000000	8000
672400000000	8000
672800000000	12000
673200000000	8000
673600000000	8000
674000000000	8000
674400000000	4000
674800000000	4000
675200000000	8000
675600000000	12000
676000000000	8000
676400000000	8000
676800000000	8000
677200000000	8000
677600000000	8000
678000000000	8000
678400000000	8000
678800000000	8000
679200000000	8000
679600000000	8000
680000000000	8000
680400000000	8000
680800000000	8000
681200000000	8000
681600000000	8000
682000000000	8000
682400000000	8000
682800000000	8000
683200000000	8000
683600000000	8000
684000000000	8000
684400000000	8000
684800000000	8000
685200000000	8000
685600000000	8000
686000000000	4000
686400000000	8000
686800000000	8000
687200000000	8000
687600000000	8000
688000000000	8000
688400000000	8000
688800000000	8000
689200000000	8000
689600000000	8000
690000000000	8000
690400000000	8000
690800000000	8000
691200000000	8000
691600000000	8000
692000000000	8000
692400000000	8000
692800000000	8000
693200000000	8000
693600000000	8000
694000000000	8000
694400000000	8000
694800000000	8000
695200000000	8000
695600000000	8000
696000000000	8000
696400000000	8000
696800000000	8000
697200000000	8000
697600000000	8000
698000000000	8000
698400000000	12000
698800000000	8000
699200000000	8000
699600000000	8000
700000000000	8000
700400000000	8000
700800000000	8000
701200000000	8000
701600000000	8000
702000000000	8000
702400000000	8000
702800000000	12000
703200000000	8000
703600000000	8000
704000000000	8000
704400000000	12000
704800000000	8000
705200000000	8000
705600000000	8000
706000000000	8000
706400000000	12000
706800000000	8000
707200000000	8000
707600000000	8000
708000000000	8000
708400000000	8000
708800000000	12000
709200000000	8000
709600000000	12000
710000000000	8000
710400000000	12000
710800000000	12000
711200000000	12000
711600000000	8000
712000000000	12000
712400000000	8000
712800000000	12000
713200000000	12000
713600000000	12000
714000000000	12000
714400000000	8000
714800000000	12000
715200000000	8000
715600000000	12000
716000000000	8000
716400000000	12000
716800000000	12000
717200000000	12000
717600000000	12000
718000000000	12000
718400000000	8000
718800000000	12000
719200000000	12000
719600000000	12000
720000000000	12000
720400000000	12000
720800000000	16000
721200000000	12000
721600000000	8000
722000000000	12000
722400000000	12000
722800000000	12000
723200000000	12000
723600000000	12000
724000000000	12000
724400000000	12000
724800000000	12000
725200000000	12000
725600000000	12000
726000000000	12000
726400000000	12000
726800000000	12000
727200000000	12000
727600000000	12000
728000000000	12000
728400000000	12000
728800000000	12000
729200000000	16000
729600000000	16000
730000000000	20000
730400000000	16000
730800000000	16000
731200000000	16000
731600000000	16000
732000000000	16000
732400000000	12000
732800000000	16000
733200000000	16000
733600000000	16000
734000000000	16000
734400000000	16000
734800000000	20000
735200000000	16000
735600000000	16000
736000000000	20000
736400000000	16000
736800000000	16000
737200000000	16000
737600000000	16000
738000000000	20000
738400000000	16000
738800000000	16000
739200000000	20000
739600000000	20000
740000000000	20000
740400000000	20000
740800000000	20000
741200000000	20000
741600000000	20000
742000000000	24000
742400000000	24000
742800000000	24000
743200000000	20000
743600000000	24000
744000000000	24000
744400000000	20000
744800000000	24000
745200000000	24000
745600000000	24000
746000000000	24000
746400000000	24000
746800000000	24000
747200000000	24000
747600000000	24000
748000000000	28000
748400000000	28000
748800000000	28000
749200000000	28000
749600000000	28000
750000000000	32000
750400000000	32000
750800000000	32000
751200000000	32000
751600000000	32000
752000000000	32000
752400000000	36000
752800000000	32000
753200000000	36000
753600000000	32000
754000000000	36000
754400000000	40000
754800000000	36000
755200000000	40000
755600000000	36000
756000000000	40000
756400000000	40000
756800000000	40000
757200000000	36000
757600000000	40000
758000000000	40000
758400000000	40000
758800000000	40000
759200000000	40000
759600000000	44000
760000000000	44000
760400000000	40000
760800000000	44000
761200000000	44000
761600000000	40000
762000000000	44000
762400000000	44000
762800000000	44000
763200000000	44000
763600000000	44000
764000000000	44000
764400000000	44000
764800000000	44000
765200000000	44000
765600000000	44000
766000000000	48000
766400000000	48000
766800000000	48000
767200000000	52000
767600000000	56000
768000000000	60000
768400000000	64000
768800000000	64000
769200000000	60000
769600000000	64000
770000000000	60000
770400000000	60000
770800000000	60000
771200000000	60000
771600000000	64000
772000000000	68000
772400000000	68000
772800000000	68000
773200000000	68000
773600000000	68000
774000000000	68000
774400000000	76000
774800000000	76000
775200000000	76000
775600000000	84000
776000000000	88000
776400000000	88000
776800000000	88000
777200000000	92000
777600000000	96000
778000000000	104000
778400000000	108000
778800000000	108000
779200000000	120000
779600000000	144000
780000000000	172000
780400000000	180000
780800000000	176000
781200000000	180000
781600000000	200000
782000000000	220000
782400000000	220000
782800000000	208000
783200000000	204000
783600000000	208000
784000000000	224000
784400000000	240000
784800000000	256000
785200000000	288000
785600000000	320000
786000000000	348000
786400000000	356000
786800000000	368000
787200000000	388000
787600000000	416000
788000000000	424000
788400000000	416000
788800000000	404000
789200000000	412000
789600000000	424000
790000000000	428000
790400000000	420000
790800000000	420000
791200000000	432000
791600000000	448000
792000000000	452000
792400000000	452000
792800000000	448000
793200000000	444000
793600000000	428000
794000000000	408000
794400000000	372000
794800000000	360000
795200000000	372000
795600000000	388000
796000000000	384000
796400000000	368000
796800000000	356000
797200000000	348000
797600000000	332000
798000000000	304000
798400000000	268000
798800000000	248000
799200000000	244000
799600000000	244000
800000000000	240000
800400000000	220000
800800000000	200000
801200000000	184000
801600000000	168000
802000000000	160000
802400000000	152000
802800000000	148000
803200000000	148000
803600000000	148000
804000000000	156000
804400000000	156000
804800000000	152000
805200000000	140000
805600000000	128000
806000000000	128000
806400000000	128000
806800000000	116000
807200000000	108000
807600000000	108000
808000000000	108000
808400000000	104000
808800000000	96000
809200000000	100000
809600000000	100000
810000000000	108000
810400000000	108000
810800000000	100000
811200000000	100000
811600000000	100000
812000000000	96000
812400000000	88000
812800000000	84000
813200000000	84000
813600000000	84000
814000000000	84000
814400000000	80000
814800000000	80000
815200000000	80000
815600000000	72000
816000000000	64000
816400000000	64000
816800000000	68000
817200000000	72000
817600000000	68000
818000000000	64000
818400000000	64000
818800000000	64000
819200000000	60000
819600000000	52000
820000000000	44000
820400000000	44000
820800000000	44000
821200000000	44000
821600000000	44000
822000000000	40000
822400000000	40000
822800000000	40000
823200000000	40000
823600000000	32000
824000000000	32000
824400000000	36000
824800000000	32000
825200000000	32000
825600000000	32000
826000000000	32000
826400000000	32000
826800000000	28000
827200000000	28000
827600000000	28000
828000000000	28000
828400000000	24000
828800000000	24000
829200000000	24000
829600000000	24000
830000000000	24000
830400000000	24000
830800000000	24000
831200000000	24000
831600000000	24000
832000000000	24000
832400000000	24000
832800000000	20000
833200000000	20000
833600000000	24000
834000000000	24000
834400000000	20000
834800000000	20000
835200000000	20000
835600000000	20000
836000000000	20000
836400000000	16000
836800000000	16000
837200000000	16000
837600000000	16000
838000000000	20000
838400000000	16000
838800000000	20000
839200000000	16000
839600000000	16000
840000000000	16000
840400000000	16000
840800000000	16000
841200000000	12000
841600000000	16000
842000000000	16000
842400000000	16000
842800000000	16000
843200000000	16000
843600000000	12000
844000000000	12000
844400000000	16000
844800000000	12000
845200000000	12000
845600000000	12000
846000000000	12000
846400000000	12000
846800000000	12000
847200000000	12000
847600000000	12000
848000000000	12000
848400000000	12000
848800000000	12000
849200000000	12000
849600000000	12000
850000000000	12000
850400000000	12000
850800000000	12000
851200000000	12000
851600000000	12000
852000000000	8000
852400000000	12000
852800000000	12000
853200000000	12000
853600000000	12000
854000000000	12000
854400000000	12000
854800000000	12000
855200000000	8000
855600000000	12000
856000000000	12000
856400000000	12000
856800000000	12000
857200000000	12000
857600000000	12000
858000000000	12000
858400000000	12000
858800000000	12000
859200000000	12000
859600000000	12000
860000000000	8000
860400000000	8000
860800000000	8000
861200000000	8000
861600000000	12000
862000000000	8000
862400000000	8000
862800000000	12000
863200000000	8000
863600000000	8000
864000000000	8000
864400000000	12000
864800000000	12000
865200000000	8000
865600000000	12000
866000000000	8000
866400000000	8000
866800000000	8000
867200000000	8000
867600000000	8000
868000000000	12000
868400000000	8000
868800000000	12000
869200000000	12000
869600000000	12000
870000000000	8000
870400000000	8000
870800000000	8000
871200000000	8000
871600000000	8000
872000000000	8000
872400000000	8000
872800000000	8000
873200000000	8000
873600000000	12000
874000000000	8000
874400000000	8000
874800000000	8000
875200000000	8000
875600000000	8000
876000000000	8000
876400000000	8000
876800000000	8000
877200000000	12000
877600000000	8000
878000000000	8000
878400000000	8000
878800000000	4000
879200000000	8000
879600000000	8000
880000000000	8000
880400000000	12000
880800000000	8000
881200000000	8000
881600000000	8000
882000000000	8000
882400000000	12000
882800000000	8000
883200000000	8000
883600000000	8000
884000000000	8000
884400000000	8000
884800000000	8000
885200000000	12000
885600000000	8000
886000000000	8000
886400000000	8000
886800000000	8000
887200000000	8000
887600000000	8000
888000000000	12000
888400000000	8000
888800000000	8000
889200000000	8000
889600000000	12000
890000000000	8000
890400000000	8000
890800000000	8000
891200000000	4000
891600000000	8000
892000000000	8000
892400000000	8000
892800000000	8000
893200000000	8000
893600000000	8000
894000000000	12000
894400000000	12000
894800000000	8000
895200000000	8000
895600000000	8000
896000000000	8000
896400000000	8000
896800000000	8000
897200000000	8000
897600000000	8000
898000000000	8000
898400000000	8000
898800000000	8000
899200000000	8000
899600000000	8000
900000000000	8000
900400000000	8000
900800000000	8000
901200000000	8000
901600000000	8000
902000000000	8000
902400000000	8000
902800000000	8000
903200000000	8000
903600000000	8000
904000000000	8000
904400000000	8000
904800000000	12000
905200000000	8000
905600000000	8000
906000000000	8000
906400000000	8000
906800000000	8000
907200000000	8000
907600000000	8000
908000000000	12000
908400000000	8000
908800000000	8000
909200000000	8000
909600000000	4000
910000000000	8000
910400000000	12000
910800000000	8000
911200000000	8000
911600000000	8000
912000000000	8000
912400000000	8000
912800000000	8000
913200000000	8000
913600000000	4000
914000000000	8000
914400000000	8000
914800000000	8000
915200000000	8000
915600000000	8000
916000000000	8000
916400000000	8000
916800000000	8000
917200000000	8000
917600000000	8000
918000000000	4000
918400000000	8000
918800000000	8000
919200000000	8000
919600000000	8000
920000000000	8000
920400000000	8000
920800000000	8000
921200000000	8000
921600000000	8000
922000000000	8000
922400000000	8000
922800000000	8000
923200000000	8000
923600000000	8000
924000000000	8000
924400000000	8000
924800000000	8000
925200000000	12000
925600000000	8000
926000000000	8000
926400000000	4000
926800000000	8000
927200000000	8000
927600000000	8000
928000000000	8000
928400000000	8000
928800000000	8000
929200000000	8000
929600000000	12000
930000000000	12000
930400000000	8000
930800000000	8000
931200000000	4000
931600000000	8000
932000000000	8000
932400000000	8000
932800000000	8000
933200000000	8000
933600000000	8000
934000000000	8000
934400000000	8000
934800000000	8000
935200000000	8000
935600000000	8000
936000000000	8000
936400000000	8000
936800000000	8000
937200000000	8000
937600000000	8000
938000000000	8000
938400000000	8000
938800000000	8000
939200000000	8000
939600000000	8000
940000000000	8000
940400000000	8000
940800000000	12000
941200000000	12000
941600000000	8000
942000000000	8000
942400000000	8000
942800000000	8000
943200000000	8000
943600000000	12000
944000000000	8000
944400000000	8000
944800000000	8000
945200000000	8000
945600000000	8000
946000000000	12000
946400000000	12000
946800000000	8000
947200000000	12000
947600000000	8000
948000000000	8000
948400000000	8000
948800000000	8000
949200000000	8000
949600000000	8000
950000000000	8000
950400000000	12000
950800000000	8000
951200000000	8000
951600000000	12000
952000000000	8000
952400000000	8000
952800000000	12000
953200000000	8000
953600000000	12000
954000000000	8000
954400000000	8000
954800000000	8000
955200000000	8000
955600000000	12000
956000000000	8000
956400000000	8000
956800000000	8000
957200000000	8000
957600000000	12000
958000000000	8000
958400000000	8000
958800000000	12000
959200000000	12000
959600000000	8000
960000000000	12000
960400000000	12000
960800000000	12000
961200000000	8000
961600000000	12000
962000000000	8000
962400000000	12000
962800000000	12000
963200000000	12000
963600000000	12000
964000000000	8000
964400000000	12000
964800000000	12000
965200000000	12000
965600000000	12000
966000000000	12000
966400000000	12000
966800000000	12000
967200000000	12000
967600000000	12000
968000000000	12000
968400000000	12000
968800000000	12000
969200000000	12000
969600000000	12000
970000000000	12000
970400000000	12000
970800000000	12000
971200000000	16000
971600000000	12000
972000000000	12000
972400000000	12000
972800000000	12000
973200000000	12000
973600000000	12000
974000000000	12000
974400000000	12000
974800000000	16000
975200000000	12000
975600000000	12000
976000000000	12000
976400000000	12000
976800000000	12000
977200000000	12000
977600000000	12000
978000000000	16000
978400000000	16000
978800000000	12000
979200000000	12000
979600000000	12000
980000000000	16000
980400000000	16000
980800000000	16000
981200000000	16000
981600000000	16000
982000000000	16000
982400000000	16000
982800000000	16000
983200000000	16000
983600000000	20000
984000000000	20000
984400000000	16000
984800000000	16000
985200000000	16000
985600000000	20000
986000000000	16000
986400000000	20000
986800000000	16000
987200000000	20000
987600000000	20000
988000000000	20000
988400000000	16000
988800000000	16000
989200000000	20000
989600000000	20000
990000000000	20000
990400000000	20000
990800000000	20000
991200000000	20000
991600000000	20000
992000000000	24000
992400000000	20000
992800000000	20000
993200000000	24000
993600000000	24000
994000000000	20000
994400000000	24000
994800000000	24000
995200000000	24000
995600000000	24000
996000000000	24000
996400000000	24000
996800000000	24000
997200000000	24000
997600000000	24000
998000000000	24000
998400000000	24000
998800000000	28000
999200000000	28000
999600000000	28000
