    0.0000	      4.520
     1000.E-9	      4.520
     2.000E-6	      4.520
     3.000E-6	      4.520
     4.000E-6	      4.520
     5.000E-6	      4.520
     6.000E-6	      4.520
     7.000E-6	      4.520
     8.000E-6	      4.520
     9.000E-6	      4.520
     10.00E-6	      4.520
     11.00E-6	      4.520
     12.00E-6	      4.560
     13.00E-6	      4.520
     14.00E-6	      4.520
     15.00E-6	      4.520
     16.00E-6	      4.520
     17.00E-6	      4.520
     18.00E-6	      4.520
     19.00E-6	      4.520
     20.00E-6	      4.520
     21.00E-6	      4.520
     22.00E-6	      4.560
     23.00E-6	      4.520
     24.00E-6	      4.520
     25.00E-6	      4.520
     26.00E-6	      4.520
     27.00E-6	      4.520
     28.00E-6	      4.520
     29.00E-6	      4.560
     30.00E-6	      4.520
     31.00E-6	      4.520
     32.00E-6	      4.520
     33.00E-6	      4.520
     34.00E-6	      4.520
     35.00E-6	      4.520
     36.00E-6	      4.520
     37.00E-6	      4.520
     38.00E-6	      4.520
     39.00E-6	      4.520
     40.00E-6	      4.520
     41.00E-6	      4.560
     42.00E-6	      4.520
     43.00E-6	      4.520
     44.00E-6	      4.520
     45.00E-6	      4.520
     46.00E-6	      4.520
     47.00E-6	      4.520
     48.00E-6	      4.520
     49.00E-6	      4.520
     50.00E-6	      4.520
     51.00E-6	      4.520
     52.00E-6	      4.520
     53.00E-6	      4.520
     54.00E-6	      4.520
     55.00E-6	      4.520
     56.00E-6	      4.480
     57.00E-6	      4.520
     58.00E-6	      4.520
     59.00E-6	      4.520
     60.00E-6	      4.520
     61.00E-6	      4.520
     62.00E-6	      4.560
     63.00E-6	      4.520
     64.00E-6	      4.520
     65.00E-6	      4.520
     66.00E-6	      4.520
     67.00E-6	      4.520
     68.00E-6	      4.520
     69.00E-6	      4.520
     70.00E-6	      4.520
     71.00E-6	      4.520
     72.00E-6	      4.520
     73.00E-6	      4.520
     74.00E-6	      4.520
     75.00E-6	      4.520
     76.00E-6	      4.520
     77.00E-6	      4.520
     78.00E-6	      4.520
     79.00E-6	      4.520
     80.00E-6	      4.520
     81.00E-6	      4.560
     82.00E-6	      4.520
     83.00E-6	      4.520
     84.00E-6	      4.520
     85.00E-6	      4.520
     86.00E-6	      4.520
     87.00E-6	      4.520
     88.00E-6	      4.480
     89.00E-6	      4.520
     90.00E-6	      4.520
     91.00E-6	      4.520
     92.00E-6	      4.520
     93.00E-6	      4.520
     94.00E-6	      4.520
     95.00E-6	      4.520
     96.00E-6	      4.520
     97.00E-6	      4.520
     98.00E-6	      4.520
     99.00E-6	      4.520
     100.0E-6	      4.520
     101.0E-6	      4.520
     102.0E-6	      4.520
     103.0E-6	      4.480
     104.0E-6	      4.520
     105.0E-6	      4.520
     106.0E-6	      4.520
     107.0E-6	      4.520
     108.0E-6	      4.520
     109.0E-6	      4.520
     110.0E-6	      4.520
     111.0E-6	      4.520
     112.0E-6	      4.520
     113.0E-6	      4.520
     114.0E-6	      4.520
     115.0E-6	      4.520
     116.0E-6	      4.520
     117.0E-6	      4.520
     118.0E-6	      4.520
     119.0E-6	      4.520
     120.0E-6	      4.520
     121.0E-6	      4.520
     122.0E-6	      4.520
     123.0E-6	      4.520
     124.0E-6	      4.520
     125.0E-6	      4.520
     126.0E-6	      4.520
     127.0E-6	      4.520
     128.0E-6	      4.520
     129.0E-6	      4.520
     130.0E-6	      4.520
     131.0E-6	      4.520
     132.0E-6	      4.520
     133.0E-6	      4.520
     134.0E-6	      4.520
     135.0E-6	      4.520
     136.0E-6	      4.520
     137.0E-6	      4.520
     138.0E-6	      4.520
     139.0E-6	      4.520
     140.0E-6	      4.520
     141.0E-6	      4.520
     142.0E-6	      4.560
     143.0E-6	      4.520
     144.0E-6	      4.520
     145.0E-6	      4.520
     146.0E-6	      4.520
     147.0E-6	      4.560
     148.0E-6	      4.520
     149.0E-6	      4.560
     150.0E-6	      4.520
     151.0E-6	      4.520
     152.0E-6	      4.520
     153.0E-6	      4.520
     154.0E-6	      4.520
     155.0E-6	      4.520
     156.0E-6	      4.520
     157.0E-6	      4.520
     158.0E-6	      4.520
     159.0E-6	      4.520
     160.0E-6	      4.520
     161.0E-6	      4.520
     162.0E-6	      4.520
     163.0E-6	      4.520
     164.0E-6	      4.520
     165.0E-6	      4.560
     166.0E-6	      4.520
     167.0E-6	      4.520
     168.0E-6	      4.520
     169.0E-6	      4.520
     170.0E-6	      4.520
     171.0E-6	      4.520
     172.0E-6	      4.520
     173.0E-6	      4.520
     174.0E-6	      4.520
     175.0E-6	      4.520
     176.0E-6	      4.520
     177.0E-6	      4.520
     178.0E-6	      4.520
     179.0E-6	      4.520
     180.0E-6	      4.520
     181.0E-6	      4.520
     182.0E-6	      4.520
     183.0E-6	      4.520
     184.0E-6	      4.520
     185.0E-6	      4.520
     186.0E-6	      4.520
     187.0E-6	      4.520
     188.0E-6	      4.520
     189.0E-6	      4.520
     190.0E-6	      4.520
     191.0E-6	      4.520
     192.0E-6	      4.520
     193.0E-6	      4.520
     194.0E-6	      4.520
     195.0E-6	      4.520
     196.0E-6	      4.520
     197.0E-6	      4.520
     198.0E-6	      4.520
     199.0E-6	      4.520
     200.0E-6	      4.520
     201.0E-6	      4.520
     202.0E-6	      4.480
     203.0E-6	      4.520
     204.0E-6	      4.520
     205.0E-6	      4.520
     206.0E-6	      4.520
     207.0E-6	      4.520
     208.0E-6	      4.480
     209.0E-6	      4.520
     210.0E-6	      4.520
     211.0E-6	      4.520
     212.0E-6	      4.520
     213.0E-6	      4.520
     214.0E-6	      4.520
     215.0E-6	      4.520
     216.0E-6	      4.520
     217.0E-6	      4.520
     218.0E-6	      4.520
     219.0E-6	      4.520
     220.0E-6	      4.520
     221.0E-6	      4.520
     222.0E-6	      4.520
     223.0E-6	      4.560
     224.0E-6	      4.520
     225.0E-6	      4.520
     226.0E-6	      4.520
     227.0E-6	      4.520
     228.0E-6	      4.520
     229.0E-6	      4.520
     230.0E-6	      4.520
     231.0E-6	      4.520
     232.0E-6	      4.520
     233.0E-6	      4.520
     234.0E-6	      4.520
     235.0E-6	      4.520
     236.0E-6	      4.520
     237.0E-6	      4.520
     238.0E-6	      4.520
     239.0E-6	      4.520
     240.0E-6	      4.520
     241.0E-6	      4.520
     242.0E-6	      4.520
     243.0E-6	      4.520
     244.0E-6	      4.520
     245.0E-6	      4.520
     246.0E-6	      4.520
     247.0E-6	      4.520
     248.0E-6	      4.520
     249.0E-6	      4.520
     250.0E-6	      4.520
     251.0E-6	      4.520
     252.0E-6	      4.520
     253.0E-6	      4.520
     254.0E-6	      4.520
     255.0E-6	      4.520
     256.0E-6	      4.520
     257.0E-6	      4.520
     258.0E-6	      4.520
     259.0E-6	      4.560
     260.0E-6	      4.520
     261.0E-6	      4.520
     262.0E-6	      4.520
     263.0E-6	      4.520
     264.0E-6	      4.560
     265.0E-6	      4.560
     266.0E-6	      4.520
     267.0E-6	      4.520
     268.0E-6	      4.520
     269.0E-6	      4.520
     270.0E-6	      4.520
     271.0E-6	      4.560
     272.0E-6	      4.520
     273.0E-6	      4.520
     274.0E-6	      4.560
     275.0E-6	      4.520
     276.0E-6	      4.520
     277.0E-6	      4.520
     278.0E-6	      4.480
     279.0E-6	      4.520
     280.0E-6	      4.520
     281.0E-6	      4.520
     282.0E-6	      4.520
     283.0E-6	      4.520
     284.0E-6	      4.520
     285.0E-6	      4.520
     286.0E-6	      4.520
     287.0E-6	      4.520
     288.0E-6	      4.520
     289.0E-6	      4.520
     290.0E-6	      4.520
     291.0E-6	      4.520
     292.0E-6	      4.520
     293.0E-6	      4.520
     294.0E-6	      4.560
     295.0E-6	      4.520
     296.0E-6	      4.520
     297.0E-6	      4.520
     298.0E-6	      4.520
     299.0E-6	      4.520
     300.0E-6	      4.520
     301.0E-6	      4.520
     302.0E-6	      4.560
     303.0E-6	      4.520
     304.0E-6	      4.520
     305.0E-6	      4.560
     306.0E-6	      4.520
     307.0E-6	      4.520
     308.0E-6	      4.520
     309.0E-6	      4.520
     310.0E-6	      4.560
     311.0E-6	      4.520
     312.0E-6	      4.520
     313.0E-6	      4.520
     314.0E-6	      4.560
     315.0E-6	      4.520
     316.0E-6	      4.520
     317.0E-6	      4.520
     318.0E-6	      4.520
     319.0E-6	      4.520
     320.0E-6	      4.520
     321.0E-6	      4.520
     322.0E-6	      4.520
     323.0E-6	      4.520
     324.0E-6	      4.560
     325.0E-6	      4.520
     326.0E-6	      4.520
     327.0E-6	      4.520
     328.0E-6	      4.520
     329.0E-6	      4.520
     330.0E-6	      4.520
     331.0E-6	      4.520
     332.0E-6	      4.520
     333.0E-6	      4.520
     334.0E-6	      4.520
     335.0E-6	      4.560
     336.0E-6	      4.560
     337.0E-6	      4.520
     338.0E-6	      4.560
     339.0E-6	      4.520
     340.0E-6	      4.520
     341.0E-6	      4.520
     342.0E-6	      4.520
     343.0E-6	      4.520
     344.0E-6	      4.560
     345.0E-6	      4.520
     346.0E-6	      4.520
     347.0E-6	      4.480
     348.0E-6	      4.520
     349.0E-6	      4.520
     350.0E-6	      4.520
     351.0E-6	      4.520
     352.0E-6	      4.520
     353.0E-6	      4.520
     354.0E-6	      4.520
     355.0E-6	      4.520
     356.0E-6	      4.560
     357.0E-6	      4.520
     358.0E-6	      4.520
     359.0E-6	      4.560
     360.0E-6	      4.520
     361.0E-6	      4.480
     362.0E-6	      4.520
     363.0E-6	      4.520
     364.0E-6	      4.560
     365.0E-6	      4.520
     366.0E-6	      4.520
     367.0E-6	      4.520
     368.0E-6	      4.520
     369.0E-6	      4.520
     370.0E-6	      4.520
     371.0E-6	      4.520
     372.0E-6	      4.520
     373.0E-6	      4.520
     374.0E-6	      4.520
     375.0E-6	      4.520
     376.0E-6	      4.520
     377.0E-6	      4.520
     378.0E-6	      4.520
     379.0E-6	      4.520
     380.0E-6	      4.520
     381.0E-6	      4.520
     382.0E-6	      4.520
     383.0E-6	      4.520
     384.0E-6	      4.520
     385.0E-6	      4.520
     386.0E-6	      4.520
     387.0E-6	      4.520
     388.0E-6	      4.520
     389.0E-6	      4.520
     390.0E-6	      4.520
     391.0E-6	      4.520
     392.0E-6	      4.520
     393.0E-6	      4.520
     394.0E-6	      4.520
     395.0E-6	      4.520
     396.0E-6	      4.520
     397.0E-6	      4.520
     398.0E-6	      4.520
     399.0E-6	      4.480
     400.0E-6	      4.560
     401.0E-6	      4.520
     402.0E-6	      4.520
     403.0E-6	      4.520
     404.0E-6	      4.520
     405.0E-6	      4.520
     406.0E-6	      4.520
     407.0E-6	      4.520
     408.0E-6	      4.520
     409.0E-6	      4.520
     410.0E-6	      4.520
     411.0E-6	      4.520
     412.0E-6	      4.520
     413.0E-6	      4.560
     414.0E-6	      4.560
     415.0E-6	      4.520
     416.0E-6	      4.520
     417.0E-6	      4.520
     418.0E-6	      4.520
     419.0E-6	      4.520
     420.0E-6	      4.520
     421.0E-6	      4.520
     422.0E-6	      4.520
     423.0E-6	      4.520
     424.0E-6	      4.560
     425.0E-6	      80.00E-3
     426.0E-6	      80.00E-3
     427.0E-6	      40.00E-3
     428.0E-6	      40.00E-3
     429.0E-6	      40.00E-3
     430.0E-6	     0.0000
     431.0E-6	      40.00E-3
     432.0E-6	     0.0000
     433.0E-6	     0.0000
     434.0E-6	     0.0000
     435.0E-6	     0.0000
     436.0E-6	     0.0000
     437.0E-6	      40.00E-3
     438.0E-6	     0.0000
     439.0E-6	     0.0000
     440.0E-6	     0.0000
     441.0E-6	     0.0000
     442.0E-6	     0.0000
     443.0E-6	     0.0000
     444.0E-6	     0.0000
     445.0E-6	     0.0000
     446.0E-6	     0.0000
     447.0E-6	     0.0000
     448.0E-6	     0.0000
     449.0E-6	     0.0000
     450.0E-6	      40.00E-3
     451.0E-6	     0.0000
     452.0E-6	     0.0000
     453.0E-6	     0.0000
     454.0E-6	     0.0000
     455.0E-6	     0.0000
     456.0E-6	     0.0000
     457.0E-6	     0.0000
     458.0E-6	      40.00E-3
     459.0E-6	     0.0000
     460.0E-6	      40.00E-3
     461.0E-6	     0.0000
     462.0E-6	     0.0000
     463.0E-6	     0.0000
     464.0E-6	     0.0000
     465.0E-6	     0.0000
     466.0E-6	     0.0000
     467.0E-6	     0.0000
     468.0E-6	     0.0000
     469.0E-6	     0.0000
     470.0E-6	     0.0000
     471.0E-6	     -40.00E-3
     472.0E-6	     0.0000
     473.0E-6	     0.0000
     474.0E-6	     0.0000
     475.0E-6	      40.00E-3
     476.0E-6	     0.0000
     477.0E-6	     0.0000
     478.0E-6	      40.00E-3
     479.0E-6	     0.0000
     480.0E-6	     0.0000
     481.0E-6	     0.0000
     482.0E-6	     0.0000
     483.0E-6	     0.0000
     484.0E-6	     0.0000
     485.0E-6	     0.0000
     486.0E-6	     0.0000
     487.0E-6	     0.0000
     488.0E-6	     0.0000
     489.0E-6	     0.0000
     490.0E-6	     0.0000
     491.0E-6	     -40.00E-3
     492.0E-6	     0.0000
     493.0E-6	     0.0000
     494.0E-6	     0.0000
     495.0E-6	     0.0000
     496.0E-6	     0.0000
     497.0E-6	     0.0000
     498.0E-6	     0.0000
     499.0E-6	     0.0000
     500.0E-6	     0.0000
     501.0E-6	     0.0000
     502.0E-6	     0.0000
     503.0E-6	      40.00E-3
     504.0E-6	     0.0000
     505.0E-6	      40.00E-3
     506.0E-6	     0.0000
     507.0E-6	     0.0000
     508.0E-6	      40.00E-3
     509.0E-6	     0.0000
     510.0E-6	     0.0000
     511.0E-6	     0.0000
     512.0E-6	     0.0000
     513.0E-6	     0.0000
     514.0E-6	     0.0000
     515.0E-6	     0.0000
     516.0E-6	      40.00E-3
     517.0E-6	     0.0000
     518.0E-6	     0.0000
     519.0E-6	     0.0000
     520.0E-6	      40.00E-3
     521.0E-6	     0.0000
     522.0E-6	     0.0000
     523.0E-6	      40.00E-3
     524.0E-6	     0.0000
     525.0E-6	      40.00E-3
     526.0E-6	      40.00E-3
     527.0E-6	     0.0000
     528.0E-6	     0.0000
     529.0E-6	      40.00E-3
     530.0E-6	      40.00E-3
     531.0E-6	     0.0000
     532.0E-6	      40.00E-3
     533.0E-6	      40.00E-3
     534.0E-6	      40.00E-3
     535.0E-6	     0.0000
     536.0E-6	      40.00E-3
     537.0E-6	     0.0000
     538.0E-6	     0.0000
     539.0E-6	     0.0000
     540.0E-6	     0.0000
     541.0E-6	      40.00E-3
     542.0E-6	      40.00E-3
     543.0E-6	      40.00E-3
     544.0E-6	      40.00E-3
     545.0E-6	     0.0000
     546.0E-6	     0.0000
     547.0E-6	     0.0000
     548.0E-6	     0.0000
     549.0E-6	     0.0000
     550.0E-6	     -40.00E-3
     551.0E-6	     0.0000
     552.0E-6	      40.00E-3
     553.0E-6	      40.00E-3
     554.0E-6	     0.0000
     555.0E-6	      40.00E-3
     556.0E-6	     0.0000
     557.0E-6	      40.00E-3
     558.0E-6	      40.00E-3
     559.0E-6	     0.0000
     560.0E-6	      40.00E-3
     561.0E-6	     0.0000
     562.0E-6	     0.0000
     563.0E-6	      40.00E-3
     564.0E-6	     0.0000
     565.0E-6	      40.00E-3
     566.0E-6	     0.0000
     567.0E-6	      40.00E-3
     568.0E-6	     0.0000
     569.0E-6	      40.00E-3
     570.0E-6	     0.0000
     571.0E-6	      40.00E-3
     572.0E-6	     0.0000
     573.0E-6	     0.0000
     574.0E-6	      40.00E-3
     575.0E-6	      40.00E-3
     576.0E-6	     0.0000
     577.0E-6	     0.0000
     578.0E-6	     0.0000
     579.0E-6	     0.0000
     580.0E-6	     0.0000
     581.0E-6	      40.00E-3
     582.0E-6	     0.0000
     583.0E-6	     0.0000
     584.0E-6	     0.0000
     585.0E-6	      40.00E-3
     586.0E-6	      40.00E-3
     587.0E-6	     0.0000
     588.0E-6	      40.00E-3
     589.0E-6	     0.0000
     590.0E-6	      40.00E-3
     591.0E-6	     0.0000
     592.0E-6	     0.0000
     593.0E-6	     0.0000
     594.0E-6	     0.0000
     595.0E-6	     0.0000
     596.0E-6	     0.0000
     597.0E-6	     0.0000
     598.0E-6	     0.0000
     599.0E-6	     0.0000
     600.0E-6	     0.0000
     601.0E-6	      40.00E-3
     602.0E-6	     0.0000
     603.0E-6	     0.0000
     604.0E-6	     0.0000
     605.0E-6	     0.0000
     606.0E-6	     0.0000
     607.0E-6	     0.0000
     608.0E-6	      40.00E-3
     609.0E-6	     0.0000
     610.0E-6	     0.0000
     611.0E-6	     0.0000
     612.0E-6	     0.0000
     613.0E-6	     0.0000
     614.0E-6	     0.0000
     615.0E-6	     0.0000
     616.0E-6	      40.00E-3
     617.0E-6	     0.0000
     618.0E-6	     0.0000
     619.0E-6	     0.0000
     620.0E-6	      40.00E-3
     621.0E-6	      40.00E-3
     622.0E-6	     0.0000
     623.0E-6	      40.00E-3
     624.0E-6	     0.0000
     625.0E-6	     0.0000
     626.0E-6	     0.0000
     627.0E-6	     0.0000
     628.0E-6	     0.0000
     629.0E-6	     0.0000
     630.0E-6	      40.00E-3
     631.0E-6	     0.0000
     632.0E-6	     0.0000
     633.0E-6	      40.00E-3
     634.0E-6	      40.00E-3
     635.0E-6	      40.00E-3
     636.0E-6	     0.0000
     637.0E-6	     0.0000
     638.0E-6	      40.00E-3
     639.0E-6	     0.0000
     640.0E-6	     0.0000
     641.0E-6	     0.0000
     642.0E-6	     0.0000
     643.0E-6	     0.0000
     644.0E-6	     0.0000
     645.0E-6	     0.0000
     646.0E-6	      40.00E-3
     647.0E-6	      40.00E-3
     648.0E-6	      40.00E-3
     649.0E-6	      40.00E-3
     650.0E-6	     0.0000
     651.0E-6	     0.0000
     652.0E-6	     0.0000
     653.0E-6	     0.0000
     654.0E-6	      40.00E-3
     655.0E-6	     0.0000
     656.0E-6	     0.0000
     657.0E-6	     0.0000
     658.0E-6	     0.0000
     659.0E-6	     0.0000
     660.0E-6	     0.0000
     661.0E-6	      40.00E-3
     662.0E-6	      40.00E-3
     663.0E-6	     0.0000
     664.0E-6	      40.00E-3
     665.0E-6	     0.0000
     666.0E-6	     0.0000
     667.0E-6	      40.00E-3
     668.0E-6	     0.0000
     669.0E-6	      40.00E-3
     670.0E-6	      4.080
     671.0E-6	      4.240
     672.0E-6	      4.400
     673.0E-6	      4.480
     674.0E-6	      4.480
     675.0E-6	      4.520
     676.0E-6	      4.520
     677.0E-6	      4.520
     678.0E-6	      4.520
     679.0E-6	      4.520
     680.0E-6	      4.520
     681.0E-6	      4.520
     682.0E-6	      4.520
     683.0E-6	      4.520
     684.0E-6	      4.520
     685.0E-6	      4.520
     686.0E-6	      4.520
     687.0E-6	      4.520
     688.0E-6	      4.520
     689.0E-6	      4.520
     690.0E-6	      4.520
     691.0E-6	      4.520
     692.0E-6	      4.520
     693.0E-6	      4.520
     694.0E-6	      4.560
     695.0E-6	      4.520
     696.0E-6	      4.520
     697.0E-6	      4.520
     698.0E-6	      4.560
     699.0E-6	      4.520
     700.0E-6	      4.520
     701.0E-6	      4.520
     702.0E-6	      4.520
     703.0E-6	      4.520
     704.0E-6	      4.520
     705.0E-6	      4.520
     706.0E-6	      4.520
     707.0E-6	      4.520
     708.0E-6	      4.560
     709.0E-6	      4.560
     710.0E-6	      4.520
     711.0E-6	      4.560
     712.0E-6	      4.520
     713.0E-6	      4.520
     714.0E-6	      4.520
     715.0E-6	      4.520
     716.0E-6	      4.520
     717.0E-6	      4.520
     718.0E-6	      4.520
     719.0E-6	      4.520
     720.0E-6	      4.520
     721.0E-6	      4.520
     722.0E-6	      4.520
     723.0E-6	      4.520
     724.0E-6	      4.520
     725.0E-6	      4.520
     726.0E-6	      4.520
     727.0E-6	      4.520
     728.0E-6	      4.520
     729.0E-6	      4.520
     730.0E-6	      4.520
     731.0E-6	      4.560
     732.0E-6	      4.520
     733.0E-6	      4.520
     734.0E-6	      4.520
     735.0E-6	      4.520
     736.0E-6	      4.520
     737.0E-6	      4.520
     738.0E-6	      4.520
     739.0E-6	      4.520
     740.0E-6	      4.520
     741.0E-6	      4.560
     742.0E-6	      4.520
     743.0E-6	      4.520
     744.0E-6	      4.520
     745.0E-6	      4.520
     746.0E-6	      4.520
     747.0E-6	      4.520
     748.0E-6	      4.520
     749.0E-6	      4.520
     750.0E-6	      4.520
     751.0E-6	      4.520
     752.0E-6	      4.520
     753.0E-6	      4.520
     754.0E-6	      4.520
     755.0E-6	      4.520
     756.0E-6	      4.520
     757.0E-6	      4.520
     758.0E-6	      4.520
     759.0E-6	      4.520
     760.0E-6	      4.520
     761.0E-6	      4.560
     762.0E-6	      4.520
     763.0E-6	      4.520
     764.0E-6	      4.560
     765.0E-6	      4.480
     766.0E-6	      4.480
     767.0E-6	      4.520
     768.0E-6	      4.520
     769.0E-6	      4.520
     770.0E-6	      4.520
     771.0E-6	      4.520
     772.0E-6	      4.520
     773.0E-6	      4.520
     774.0E-6	      4.520
     775.0E-6	      4.520
     776.0E-6	      4.520
     777.0E-6	      4.480
     778.0E-6	      4.520
     779.0E-6	      4.520
     780.0E-6	      4.520
     781.0E-6	      4.520
     782.0E-6	      4.520
     783.0E-6	      4.520
     784.0E-6	      4.520
     785.0E-6	      4.520
     786.0E-6	      4.520
     787.0E-6	      4.520
     788.0E-6	      4.520
     789.0E-6	      4.560
     790.0E-6	      4.520
     791.0E-6	      4.520
     792.0E-6	      4.520
     793.0E-6	      4.520
     794.0E-6	      4.520
     795.0E-6	      4.520
     796.0E-6	      4.560
     797.0E-6	      4.520
     798.0E-6	      4.520
     799.0E-6	      4.520
     800.0E-6	      4.520
     801.0E-6	      4.520
     802.0E-6	      4.520
     803.0E-6	      4.520
     804.0E-6	      4.560
     805.0E-6	      4.520
     806.0E-6	      4.520
     807.0E-6	      4.520
     808.0E-6	      4.520
     809.0E-6	      4.520
     810.0E-6	      4.520
     811.0E-6	      4.520
     812.0E-6	      4.520
     813.0E-6	      4.520
     814.0E-6	      4.520
     815.0E-6	      4.520
     816.0E-6	      4.520
     817.0E-6	      4.520
     818.0E-6	      4.520
     819.0E-6	      4.520
     820.0E-6	      4.520
     821.0E-6	      4.480
     822.0E-6	      4.520
     823.0E-6	      4.520
     824.0E-6	      4.520
     825.0E-6	      4.520
     826.0E-6	      4.520
     827.0E-6	      4.520
     828.0E-6	      4.520
     829.0E-6	      4.520
     830.0E-6	      4.520
     831.0E-6	      4.520
     832.0E-6	      4.520
     833.0E-6	      4.520
     834.0E-6	      4.520
     835.0E-6	      4.520
     836.0E-6	      4.520
     837.0E-6	      4.520
     838.0E-6	      4.560
     839.0E-6	      4.520
     840.0E-6	      4.520
     841.0E-6	      4.520
     842.0E-6	      4.520
     843.0E-6	      4.560
     844.0E-6	      4.520
     845.0E-6	      4.520
     846.0E-6	      4.520
     847.0E-6	      4.520
     848.0E-6	      4.520
     849.0E-6	      4.520
     850.0E-6	      4.520
     851.0E-6	      4.520
     852.0E-6	      4.520
     853.0E-6	      4.520
     854.0E-6	      4.520
     855.0E-6	      4.520
     856.0E-6	      4.520
     857.0E-6	      4.520
     858.0E-6	      4.520
     859.0E-6	      4.560
     860.0E-6	      4.520
     861.0E-6	      4.520
     862.0E-6	      4.520
     863.0E-6	      4.520
     864.0E-6	      4.520
     865.0E-6	      4.520
     866.0E-6	      4.520
     867.0E-6	      4.520
     868.0E-6	      4.520
     869.0E-6	      4.520
     870.0E-6	      4.520
     871.0E-6	      4.520
     872.0E-6	      4.520
     873.0E-6	      4.520
     874.0E-6	      4.520
     875.0E-6	      4.520
     876.0E-6	      4.520
     877.0E-6	      4.520
     878.0E-6	      4.560
     879.0E-6	      4.520
     880.0E-6	      4.520
     881.0E-6	      4.520
     882.0E-6	      4.520
     883.0E-6	      4.520
     884.0E-6	      4.520
     885.0E-6	      4.520
     886.0E-6	      4.520
     887.0E-6	      4.520
     888.0E-6	      4.560
     889.0E-6	      4.520
     890.0E-6	      4.480
     891.0E-6	      4.520
     892.0E-6	      4.520
     893.0E-6	      4.520
     894.0E-6	      4.520
     895.0E-6	      4.520
     896.0E-6	      4.520
     897.0E-6	      4.520
     898.0E-6	      4.520
     899.0E-6	      4.520
     900.0E-6	      4.520
     901.0E-6	      4.520
     902.0E-6	      4.520
     903.0E-6	      4.520
     904.0E-6	      4.520
     905.0E-6	      4.520
     906.0E-6	      4.520
     907.0E-6	      4.520
     908.0E-6	      4.520
     909.0E-6	      4.520
     910.0E-6	      4.520
     911.0E-6	      4.520
     912.0E-6	      4.520
     913.0E-6	      4.520
     914.0E-6	      4.520
     915.0E-6	      4.520
     916.0E-6	      4.520
     917.0E-6	      4.520
     918.0E-6	      4.520
     919.0E-6	      4.520
     920.0E-6	      4.520
     921.0E-6	      4.520
     922.0E-6	      4.520
     923.0E-6	      4.520
     924.0E-6	      4.480
     925.0E-6	      4.520
     926.0E-6	      4.520
     927.0E-6	      4.520
     928.0E-6	      4.520
     929.0E-6	      4.520
     930.0E-6	      4.520
     931.0E-6	      4.520
     932.0E-6	      4.520
     933.0E-6	      4.520
     934.0E-6	      4.560
     935.0E-6	      4.520
     936.0E-6	      4.520
     937.0E-6	      4.520
     938.0E-6	      4.520
     939.0E-6	      4.520
     940.0E-6	      4.520
     941.0E-6	      4.520
     942.0E-6	      4.520
     943.0E-6	      4.520
     944.0E-6	      4.520
     945.0E-6	      4.480
     946.0E-6	      4.520
     947.0E-6	      4.520
     948.0E-6	      4.520
     949.0E-6	      4.520
     950.0E-6	      4.520
     951.0E-6	      4.520
     952.0E-6	      4.520
     953.0E-6	      4.520
     954.0E-6	      4.520
     955.0E-6	      4.560
     956.0E-6	      4.520
     957.0E-6	      4.520
     958.0E-6	      4.520
     959.0E-6	      4.520
     960.0E-6	      4.520
     961.0E-6	      4.480
     962.0E-6	      4.520
     963.0E-6	      4.520
     964.0E-6	      4.520
     965.0E-6	      4.520
     966.0E-6	      4.520
     967.0E-6	      4.520
     968.0E-6	      4.560
     969.0E-6	      4.520
     970.0E-6	      4.520
     971.0E-6	      4.520
     972.0E-6	      4.520
     973.0E-6	      4.520
     974.0E-6	      4.520
     975.0E-6	      4.520
     976.0E-6	      4.520
     977.0E-6	      4.520
     978.0E-6	      4.520
     979.0E-6	      4.520
     980.0E-6	      4.520
     981.0E-6	      4.520
     982.0E-6	      4.520
     983.0E-6	      4.520
     984.0E-6	      4.520
     985.0E-6	      4.520
     986.0E-6	      4.520
     987.0E-6	      4.520
     988.0E-6	      4.480
     989.0E-6	      4.520
     990.0E-6	      4.520
     991.0E-6	      4.520
     992.0E-6	      4.520
     993.0E-6	      4.520
     994.0E-6	      4.520
     995.0E-6	      4.480
     996.0E-6	      4.520
     997.0E-6	      4.520
     998.0E-6	      4.520
     999.0E-6	      4.520
     1.000E-3	      4.520
     1.001E-3	      4.520
     1.002E-3	      4.520
     1.003E-3	      4.520
     1.004E-3	      4.520
     1.005E-3	      4.520
     1.006E-3	      4.520
     1.007E-3	      4.520
     1.008E-3	      4.520
     1.009E-3	      4.520
     1.010E-3	      4.520
     1.011E-3	      4.520
     1.012E-3	      4.520
     1.013E-3	      4.520
     1.014E-3	      4.520
     1.015E-3	      4.520
     1.016E-3	      4.520
     1.017E-3	      4.520
     1.018E-3	      4.560
     1.019E-3	      4.520
     1.020E-3	      4.520
     1.021E-3	      4.520
     1.022E-3	      4.520
     1.023E-3	      4.520
     1.024E-3	      4.520
     1.025E-3	      4.520
     1.026E-3	      4.560
     1.027E-3	      4.520
     1.028E-3	      4.520
     1.029E-3	      4.520
     1.030E-3	      4.520
     1.031E-3	      4.520
     1.032E-3	      4.520
     1.033E-3	      4.520
     1.034E-3	      4.520
     1.035E-3	      4.520
     1.036E-3	      4.520
     1.037E-3	      4.520
     1.038E-3	      4.520
     1.039E-3	      4.520
     1.040E-3	      4.520
     1.041E-3	      4.520
     1.042E-3	      4.520
     1.043E-3	      4.520
     1.044E-3	      4.520
     1.045E-3	      4.560
     1.046E-3	      4.520
     1.047E-3	      4.520
     1.048E-3	      4.520
     1.049E-3	      4.520
     1.050E-3	      4.520
     1.051E-3	      4.520
     1.052E-3	      4.520
     1.053E-3	      4.520
     1.054E-3	      4.520
     1.055E-3	      4.520
     1.056E-3	      4.520
     1.057E-3	      4.480
     1.058E-3	      4.520
     1.059E-3	      4.520
     1.060E-3	      4.520
     1.061E-3	      4.520
     1.062E-3	      4.520
     1.063E-3	      4.520
     1.064E-3	      4.520
     1.065E-3	      4.520
     1.066E-3	      4.520
     1.067E-3	      4.520
     1.068E-3	      4.520
     1.069E-3	      4.520
     1.070E-3	      4.520
     1.071E-3	      4.520
     1.072E-3	      4.520
     1.073E-3	      4.520
     1.074E-3	      4.520
     1.075E-3	      4.520
     1.076E-3	      4.480
     1.077E-3	      4.560
     1.078E-3	      4.520
     1.079E-3	      4.520
     1.080E-3	      4.520
     1.081E-3	      4.520
     1.082E-3	      4.520
     1.083E-3	      4.520
     1.084E-3	      4.520
     1.085E-3	      4.520
     1.086E-3	      4.520
     1.087E-3	      4.520
     1.088E-3	      4.520
     1.089E-3	      4.520
     1.090E-3	      4.560
     1.091E-3	      4.520
     1.092E-3	      4.520
     1.093E-3	      4.520
     1.094E-3	      4.520
     1.095E-3	      4.560
     1.096E-3	      4.520
     1.097E-3	      4.520
     1.098E-3	      4.520
     1.099E-3	      4.560
     1.100E-3	      4.520
     1.101E-3	      4.520
     1.102E-3	      4.520
     1.103E-3	      4.520
     1.104E-3	      4.520
     1.105E-3	      4.520
     1.106E-3	      4.520
     1.107E-3	      4.520
     1.108E-3	      4.560
     1.109E-3	      4.520
     1.110E-3	      4.520
     1.111E-3	      4.560
     1.112E-3	      4.520
     1.113E-3	      4.520
     1.114E-3	      4.520
     1.115E-3	      4.520
     1.116E-3	      4.520
     1.117E-3	      4.520
     1.118E-3	      4.480
     1.119E-3	      4.520
     1.120E-3	      4.520
     1.121E-3	      4.520
     1.122E-3	      4.520
     1.123E-3	      4.520
     1.124E-3	      4.520
     1.125E-3	      4.520
     1.126E-3	      4.520
     1.127E-3	      4.520
     1.128E-3	      4.520
     1.129E-3	      4.520
     1.130E-3	      4.560
     1.131E-3	      4.520
     1.132E-3	      4.560
     1.133E-3	      4.520
     1.134E-3	      4.520
     1.135E-3	      4.520
     1.136E-3	      4.520
     1.137E-3	      4.520
     1.138E-3	      4.520
     1.139E-3	      4.520
     1.140E-3	      4.520
     1.141E-3	      4.520
     1.142E-3	      4.480
     1.143E-3	      4.520
     1.144E-3	      4.520
     1.145E-3	      4.520
     1.146E-3	      4.520
     1.147E-3	      4.520
     1.148E-3	      4.520
     1.149E-3	      4.520
     1.150E-3	      4.520
     1.151E-3	      4.520
     1.152E-3	      4.560
     1.153E-3	      4.520
     1.154E-3	      4.520
     1.155E-3	      4.520
     1.156E-3	      4.520
     1.157E-3	      4.520
     1.158E-3	      4.520
     1.159E-3	      4.520
     1.160E-3	      4.520
     1.161E-3	      4.520
     1.162E-3	      4.520
     1.163E-3	      4.520
     1.164E-3	      4.520
     1.165E-3	      4.520
     1.166E-3	      4.520
     1.167E-3	      4.560
     1.168E-3	      4.520
     1.169E-3	      4.480
     1.170E-3	      4.520
     1.171E-3	      4.520
     1.172E-3	      4.520
     1.173E-3	      4.520
     1.174E-3	      4.520
     1.175E-3	      4.520
     1.176E-3	      4.520
     1.177E-3	      4.520
     1.178E-3	      4.520
     1.179E-3	      4.520
     1.180E-3	      4.520
     1.181E-3	      4.520
     1.182E-3	      4.520
     1.183E-3	      4.520
     1.184E-3	      4.560
     1.185E-3	      4.520
     1.186E-3	      4.520
     1.187E-3	      4.520
     1.188E-3	      4.520
     1.189E-3	      4.520
     1.190E-3	      4.520
     1.191E-3	      4.520
     1.192E-3	      4.520
     1.193E-3	      4.520
     1.194E-3	      4.520
     1.195E-3	      4.520
     1.196E-3	      4.520
     1.197E-3	      4.520
     1.198E-3	      4.520
     1.199E-3	      4.560
     1.200E-3	      4.520
     1.201E-3	      4.520
     1.202E-3	      4.520
     1.203E-3	      4.520
     1.204E-3	      4.520
     1.205E-3	      4.520
     1.206E-3	      4.520
     1.207E-3	      4.520
     1.208E-3	      4.520
     1.209E-3	      4.520
     1.210E-3	      4.520
     1.211E-3	      4.520
     1.212E-3	      4.520
     1.213E-3	      4.520
     1.214E-3	      4.520
     1.215E-3	      4.520
     1.216E-3	      4.520
     1.217E-3	      4.520
     1.218E-3	      4.520
     1.219E-3	      4.520
     1.220E-3	      4.520
     1.221E-3	      4.520
     1.222E-3	      4.520
     1.223E-3	      4.520
     1.224E-3	      4.520
     1.225E-3	      4.520
     1.226E-3	      4.560
     1.227E-3	      4.520
     1.228E-3	      4.560
     1.229E-3	      4.520
     1.230E-3	      4.520
     1.231E-3	      4.520
     1.232E-3	      4.520
     1.233E-3	      4.520
     1.234E-3	      4.520
     1.235E-3	      4.520
     1.236E-3	      4.520
     1.237E-3	      4.520
     1.238E-3	      4.520
     1.239E-3	      4.520
     1.240E-3	      4.520
     1.241E-3	      4.520
     1.242E-3	      4.520
     1.243E-3	      4.480
     1.244E-3	      4.520
     1.245E-3	      4.520
     1.246E-3	      4.520
     1.247E-3	      4.520
     1.248E-3	      4.520
     1.249E-3	      4.520
     1.250E-3	      4.520
     1.251E-3	      4.560
     1.252E-3	      4.520
     1.253E-3	      4.520
     1.254E-3	      4.520
     1.255E-3	      4.560
     1.256E-3	      4.520
     1.257E-3	      4.520
     1.258E-3	      4.520
     1.259E-3	      4.520
     1.260E-3	      4.520
     1.261E-3	      4.520
     1.262E-3	      4.520
     1.263E-3	      4.520
     1.264E-3	      4.520
     1.265E-3	      4.520
     1.266E-3	      4.520
     1.267E-3	      4.520
     1.268E-3	      4.520
     1.269E-3	      4.520
     1.270E-3	      4.520
     1.271E-3	      4.520
     1.272E-3	      4.520
     1.273E-3	      4.520
     1.274E-3	      4.520
     1.275E-3	      4.520
     1.276E-3	      4.520
     1.277E-3	      4.520
     1.278E-3	      4.520
     1.279E-3	      4.480
     1.280E-3	      4.520
     1.281E-3	      4.520
     1.282E-3	      4.520
     1.283E-3	      4.560
     1.284E-3	      4.520
     1.285E-3	      4.520
     1.286E-3	      4.520
     1.287E-3	      4.520
     1.288E-3	      4.520
     1.289E-3	      4.520
     1.290E-3	      4.520
     1.291E-3	      4.520
     1.292E-3	      4.520
     1.293E-3	      4.560
     1.294E-3	      4.520
     1.295E-3	      4.520
     1.296E-3	      4.520
     1.297E-3	      4.520
     1.298E-3	      4.520
     1.299E-3	      4.520
     1.300E-3	      4.520
     1.301E-3	      4.520
     1.302E-3	      4.520
     1.303E-3	      4.520
     1.304E-3	      4.520
     1.305E-3	      4.520
     1.306E-3	      4.520
     1.307E-3	      4.520
     1.308E-3	      4.520
     1.309E-3	      4.520
     1.310E-3	      4.520
     1.311E-3	      4.520
     1.312E-3	      4.520
     1.313E-3	      4.520
     1.314E-3	      4.560
     1.315E-3	      4.520
     1.316E-3	      4.520
     1.317E-3	      4.520
     1.318E-3	      4.520
     1.319E-3	      4.520
     1.320E-3	      4.480
     1.321E-3	      4.520
     1.322E-3	      4.520
     1.323E-3	      4.520
     1.324E-3	      4.520
     1.325E-3	      4.520
     1.326E-3	      4.560
     1.327E-3	      4.520
     1.328E-3	      4.520
     1.329E-3	      4.520
     1.330E-3	      4.560
     1.331E-3	      4.520
     1.332E-3	      4.520
     1.333E-3	      4.520
     1.334E-3	      4.520
     1.335E-3	      4.520
     1.336E-3	      4.520
     1.337E-3	      4.520
     1.338E-3	      4.520
     1.339E-3	      4.520
     1.340E-3	      4.520
     1.341E-3	      4.560
     1.342E-3	      4.520
     1.343E-3	      4.520
     1.344E-3	      4.520
     1.345E-3	      4.520
     1.346E-3	      4.520
     1.347E-3	      4.520
     1.348E-3	      4.520
     1.349E-3	      4.520
     1.350E-3	      4.520
     1.351E-3	      4.520
     1.352E-3	      4.520
     1.353E-3	      4.520
     1.354E-3	      4.520
     1.355E-3	      4.520
     1.356E-3	      4.520
     1.357E-3	      4.520
     1.358E-3	      4.480
     1.359E-3	      4.520
     1.360E-3	      4.560
     1.361E-3	      4.520
     1.362E-3	      4.520
     1.363E-3	      4.520
     1.364E-3	      4.480
     1.365E-3	      4.520
     1.366E-3	      4.520
     1.367E-3	      4.520
     1.368E-3	      4.520
     1.369E-3	      4.560
     1.370E-3	      4.520
     1.371E-3	      4.520
     1.372E-3	      4.520
     1.373E-3	      4.520
     1.374E-3	      4.520
     1.375E-3	      4.520
     1.376E-3	      120.0E-3
     1.377E-3	      80.00E-3
     1.378E-3	      80.00E-3
     1.379E-3	      40.00E-3
     1.380E-3	     0.0000
     1.381E-3	      40.00E-3
     1.382E-3	      40.00E-3
     1.383E-3	      40.00E-3
     1.384E-3	     0.0000
     1.385E-3	     0.0000
     1.386E-3	      40.00E-3
     1.387E-3	     0.0000
     1.388E-3	     0.0000
     1.389E-3	      40.00E-3
     1.390E-3	     0.0000
     1.391E-3	     0.0000
     1.392E-3	     0.0000
     1.393E-3	     0.0000
     1.394E-3	     0.0000
     1.395E-3	     0.0000
     1.396E-3	     0.0000
     1.397E-3	     0.0000
     1.398E-3	     0.0000
     1.399E-3	     0.0000
     1.400E-3	     0.0000
     1.401E-3	     0.0000
     1.402E-3	     0.0000
     1.403E-3	     0.0000
     1.404E-3	      40.00E-3
     1.405E-3	     0.0000
     1.406E-3	      40.00E-3
     1.407E-3	      40.00E-3
     1.408E-3	     0.0000
     1.409E-3	      40.00E-3
     1.410E-3	      40.00E-3
     1.411E-3	     0.0000
     1.412E-3	      40.00E-3
     1.413E-3	      40.00E-3
     1.414E-3	     0.0000
     1.415E-3	     0.0000
     1.416E-3	      40.00E-3
     1.417E-3	     0.0000
     1.418E-3	     0.0000
     1.419E-3	     0.0000
     1.420E-3	     0.0000
     1.421E-3	     0.0000
     1.422E-3	     0.0000
     1.423E-3	     0.0000
     1.424E-3	     0.0000
     1.425E-3	      40.00E-3
     1.426E-3	     0.0000
     1.427E-3	     0.0000
     1.428E-3	      40.00E-3
     1.429E-3	     0.0000
     1.430E-3	     -40.00E-3
     1.431E-3	     0.0000
     1.432E-3	     0.0000
     1.433E-3	     0.0000
     1.434E-3	     0.0000
     1.435E-3	     0.0000
     1.436E-3	     0.0000
     1.437E-3	     0.0000
     1.438E-3	     0.0000
     1.439E-3	     0.0000
     1.440E-3	     0.0000
     1.441E-3	      40.00E-3
     1.442E-3	     0.0000
     1.443E-3	      40.00E-3
     1.444E-3	     0.0000
     1.445E-3	     0.0000
     1.446E-3	     0.0000
     1.447E-3	     0.0000
     1.448E-3	     0.0000
     1.449E-3	     0.0000
     1.450E-3	      40.00E-3
     1.451E-3	      40.00E-3
     1.452E-3	     0.0000
     1.453E-3	     0.0000
     1.454E-3	     0.0000
     1.455E-3	      40.00E-3
     1.456E-3	      40.00E-3
     1.457E-3	     0.0000
     1.458E-3	     0.0000
     1.459E-3	     0.0000
     1.460E-3	      40.00E-3
     1.461E-3	     0.0000
     1.462E-3	      40.00E-3
     1.463E-3	      40.00E-3
     1.464E-3	      40.00E-3
     1.465E-3	     0.0000
     1.466E-3	     0.0000
     1.467E-3	     0.0000
     1.468E-3	     0.0000
     1.469E-3	      40.00E-3
     1.470E-3	     0.0000
     1.471E-3	     0.0000
     1.472E-3	      40.00E-3
     1.473E-3	      40.00E-3
     1.474E-3	      40.00E-3
     1.475E-3	     0.0000
     1.476E-3	     0.0000
     1.477E-3	     0.0000
     1.478E-3	     0.0000
     1.479E-3	     0.0000
     1.480E-3	      40.00E-3
     1.481E-3	     0.0000
     1.482E-3	      40.00E-3
     1.483E-3	      40.00E-3
     1.484E-3	      40.00E-3
     1.485E-3	     0.0000
     1.486E-3	      40.00E-3
     1.487E-3	     0.0000
     1.488E-3	      40.00E-3
     1.489E-3	     0.0000
     1.490E-3	     0.0000
     1.491E-3	      40.00E-3
     1.492E-3	      40.00E-3
     1.493E-3	      40.00E-3
     1.494E-3	     0.0000
     1.495E-3	      40.00E-3
     1.496E-3	      40.00E-3
     1.497E-3	     0.0000
     1.498E-3	     0.0000
     1.499E-3	     0.0000
     1.500E-3	     0.0000
     1.501E-3	     0.0000
     1.502E-3	      40.00E-3
     1.503E-3	      40.00E-3
     1.504E-3	     0.0000
     1.505E-3	     0.0000
     1.506E-3	      40.00E-3
     1.507E-3	     0.0000
     1.508E-3	     0.0000
     1.509E-3	      40.00E-3
     1.510E-3	     0.0000
     1.511E-3	      40.00E-3
     1.512E-3	     0.0000
     1.513E-3	     0.0000
     1.514E-3	     0.0000
     1.515E-3	      40.00E-3
     1.516E-3	     0.0000
     1.517E-3	     0.0000
     1.518E-3	     0.0000
     1.519E-3	     0.0000
     1.520E-3	     0.0000
     1.521E-3	     0.0000
     1.522E-3	      40.00E-3
     1.523E-3	     0.0000
     1.524E-3	     0.0000
     1.525E-3	     0.0000
     1.526E-3	     0.0000
     1.527E-3	     0.0000
     1.528E-3	     0.0000
     1.529E-3	     0.0000
     1.530E-3	     0.0000
     1.531E-3	     0.0000
     1.532E-3	      40.00E-3
     1.533E-3	      40.00E-3
     1.534E-3	     0.0000
     1.535E-3	      40.00E-3
     1.536E-3	     0.0000
     1.537E-3	      40.00E-3
     1.538E-3	     0.0000
     1.539E-3	     0.0000
     1.540E-3	     0.0000
     1.541E-3	     0.0000
     1.542E-3	     0.0000
     1.543E-3	     0.0000
     1.544E-3	     0.0000
     1.545E-3	     0.0000
     1.546E-3	     0.0000
     1.547E-3	     0.0000
     1.548E-3	     0.0000
     1.549E-3	      40.00E-3
     1.550E-3	     0.0000
     1.551E-3	     -40.00E-3
     1.552E-3	     0.0000
     1.553E-3	     0.0000
     1.554E-3	     0.0000
     1.555E-3	     0.0000
     1.556E-3	     0.0000
     1.557E-3	     0.0000
     1.558E-3	      40.00E-3
     1.559E-3	     0.0000
     1.560E-3	     0.0000
     1.561E-3	     0.0000
     1.562E-3	      40.00E-3
     1.563E-3	      40.00E-3
     1.564E-3	     0.0000
     1.565E-3	     0.0000
     1.566E-3	     0.0000
     1.567E-3	     0.0000
     1.568E-3	     0.0000
     1.569E-3	     0.0000
     1.570E-3	     0.0000
     1.571E-3	     0.0000
     1.572E-3	     0.0000
     1.573E-3	      40.00E-3
     1.574E-3	     0.0000
     1.575E-3	     0.0000
     1.576E-3	     0.0000
     1.577E-3	      40.00E-3
     1.578E-3	     0.0000
     1.579E-3	     0.0000
     1.580E-3	      40.00E-3
     1.581E-3	     0.0000
     1.582E-3	     0.0000
     1.583E-3	     0.0000
     1.584E-3	     0.0000
     1.585E-3	     0.0000
     1.586E-3	     0.0000
     1.587E-3	     0.0000
     1.588E-3	     0.0000
     1.589E-3	      40.00E-3
     1.590E-3	     0.0000
     1.591E-3	     0.0000
     1.592E-3	     0.0000
     1.593E-3	     0.0000
     1.594E-3	     -40.00E-3
     1.595E-3	     0.0000
     1.596E-3	     0.0000
     1.597E-3	     0.0000
     1.598E-3	      40.00E-3
     1.599E-3	     0.0000
     1.600E-3	     0.0000
     1.601E-3	     0.0000
     1.602E-3	      40.00E-3
     1.603E-3	     0.0000
     1.604E-3	     0.0000
     1.605E-3	     0.0000
     1.606E-3	     0.0000
     1.607E-3	     0.0000
     1.608E-3	     0.0000
     1.609E-3	     0.0000
     1.610E-3	     0.0000
     1.611E-3	     0.0000
     1.612E-3	      40.00E-3
     1.613E-3	      40.00E-3
     1.614E-3	     0.0000
     1.615E-3	     0.0000
     1.616E-3	     0.0000
     1.617E-3	      40.00E-3
     1.618E-3	     0.0000
     1.619E-3	      40.00E-3
     1.620E-3	     0.0000
     1.621E-3	      4.320
     1.622E-3	      4.240
     1.623E-3	      4.400
     1.624E-3	      4.480
     1.625E-3	      4.520
     1.626E-3	      4.520
     1.627E-3	      4.520
     1.628E-3	      4.520
     1.629E-3	      4.520
     1.630E-3	      4.520
     1.631E-3	      4.520
     1.632E-3	      4.520
     1.633E-3	      4.520
     1.634E-3	      4.520
     1.635E-3	      4.520
     1.636E-3	      4.560
     1.637E-3	      4.520
     1.638E-3	      4.520
     1.639E-3	      4.520
     1.640E-3	      4.520
     1.641E-3	      4.520
     1.642E-3	      4.520
     1.643E-3	      4.480
     1.644E-3	      4.520
     1.645E-3	      4.520
     1.646E-3	      4.520
     1.647E-3	      4.520
     1.648E-3	      4.520
     1.649E-3	      4.520
     1.650E-3	      4.560
     1.651E-3	      4.560
     1.652E-3	      4.520
     1.653E-3	      4.520
     1.654E-3	      4.520
     1.655E-3	      4.520
     1.656E-3	      4.520
     1.657E-3	      4.520
     1.658E-3	      4.520
     1.659E-3	      4.520
     1.660E-3	      4.520
     1.661E-3	      4.520
     1.662E-3	      4.520
     1.663E-3	      4.520
     1.664E-3	      4.520
     1.665E-3	      4.520
     1.666E-3	      4.520
     1.667E-3	      4.520
     1.668E-3	      4.520
     1.669E-3	      4.520
     1.670E-3	      4.520
     1.671E-3	      4.520
     1.672E-3	      4.520
     1.673E-3	      4.520
     1.674E-3	      4.520
     1.675E-3	      4.520
     1.676E-3	      4.520
     1.677E-3	      4.560
     1.678E-3	      4.520
     1.679E-3	      4.520
     1.680E-3	      4.520
     1.681E-3	      4.520
     1.682E-3	      4.520
     1.683E-3	      4.520
     1.684E-3	      4.520
     1.685E-3	      4.520
     1.686E-3	      4.520
     1.687E-3	      4.520
     1.688E-3	      4.520
     1.689E-3	      4.520
     1.690E-3	      4.520
     1.691E-3	      4.520
     1.692E-3	      4.520
     1.693E-3	      4.520
     1.694E-3	      4.520
     1.695E-3	      4.520
     1.696E-3	      4.520
     1.697E-3	      4.520
     1.698E-3	      4.520
     1.699E-3	      4.480
     1.700E-3	      4.520
     1.701E-3	      4.520
     1.702E-3	      4.520
     1.703E-3	      4.520
     1.704E-3	      4.520
     1.705E-3	      4.560
     1.706E-3	      4.520
     1.707E-3	      4.520
     1.708E-3	      4.520
     1.709E-3	      4.520
     1.710E-3	      4.520
     1.711E-3	      4.520
     1.712E-3	      4.520
     1.713E-3	      4.520
     1.714E-3	      4.520
     1.715E-3	      4.520
     1.716E-3	      4.520
     1.717E-3	      4.520
     1.718E-3	      4.520
     1.719E-3	      4.520
     1.720E-3	      4.520
     1.721E-3	      4.520
     1.722E-3	      4.520
     1.723E-3	      4.520
     1.724E-3	      4.520
     1.725E-3	      4.520
     1.726E-3	      4.520
     1.727E-3	      4.520
     1.728E-3	      4.520
     1.729E-3	      4.520
     1.730E-3	      4.520
     1.731E-3	      4.520
     1.732E-3	      4.520
     1.733E-3	      4.520
     1.734E-3	      4.520
     1.735E-3	      4.520
     1.736E-3	      4.520
     1.737E-3	      4.520
     1.738E-3	      4.520
     1.739E-3	      4.520
     1.740E-3	      4.560
     1.741E-3	      4.520
     1.742E-3	      4.520
     1.743E-3	      4.520
     1.744E-3	      4.520
     1.745E-3	      4.520
     1.746E-3	      4.520
     1.747E-3	      4.520
     1.748E-3	      4.520
     1.749E-3	      4.520
     1.750E-3	      4.520
     1.751E-3	      4.520
     1.752E-3	      4.520
     1.753E-3	      4.520
     1.754E-3	      4.520
     1.755E-3	      4.520
     1.756E-3	      4.520
     1.757E-3	      4.520
     1.758E-3	      4.520
     1.759E-3	      4.520
     1.760E-3	      4.520
     1.761E-3	      4.520
     1.762E-3	      4.520
     1.763E-3	      4.520
     1.764E-3	      4.520
     1.765E-3	      4.520
     1.766E-3	      4.520
     1.767E-3	      4.520
     1.768E-3	      4.560
     1.769E-3	      4.520
     1.770E-3	      4.520
     1.771E-3	      4.520
     1.772E-3	      4.520
     1.773E-3	      4.520
     1.774E-3	      4.520
     1.775E-3	      4.520
     1.776E-3	      4.480
     1.777E-3	      4.520
     1.778E-3	      4.520
     1.779E-3	      4.520
     1.780E-3	      4.520
     1.781E-3	      4.520
     1.782E-3	      4.520
     1.783E-3	      4.520
     1.784E-3	      4.480
     1.785E-3	      4.520
     1.786E-3	      4.520
     1.787E-3	      4.520
     1.788E-3	      4.520
     1.789E-3	      4.520
     1.790E-3	      4.480
     1.791E-3	      4.520
     1.792E-3	      4.560
     1.793E-3	      4.520
     1.794E-3	      4.480
     1.795E-3	      4.520
     1.796E-3	      4.520
     1.797E-3	      4.520
     1.798E-3	      4.480
     1.799E-3	      4.520
     1.800E-3	      4.520
     1.801E-3	      4.520
     1.802E-3	      4.520
     1.803E-3	      4.520
     1.804E-3	      4.520
     1.805E-3	      4.560
     1.806E-3	      4.520
     1.807E-3	      4.560
     1.808E-3	      4.520
     1.809E-3	      4.520
     1.810E-3	      4.520
     1.811E-3	      4.520
     1.812E-3	      4.520
     1.813E-3	      4.520
     1.814E-3	      4.560
     1.815E-3	      4.520
     1.816E-3	      4.520
     1.817E-3	      4.560
     1.818E-3	      4.520
     1.819E-3	      4.520
     1.820E-3	      4.520
     1.821E-3	      4.520
     1.822E-3	      4.520
     1.823E-3	      4.520
     1.824E-3	      4.520
     1.825E-3	      4.520
     1.826E-3	      4.560
     1.827E-3	      4.520
     1.828E-3	      4.520
     1.829E-3	      4.520
     1.830E-3	      4.520
     1.831E-3	      4.520
     1.832E-3	      4.560
     1.833E-3	      4.520
     1.834E-3	      4.520
     1.835E-3	      4.520
     1.836E-3	      4.520
     1.837E-3	      4.520
     1.838E-3	      4.520
     1.839E-3	      4.480
     1.840E-3	      4.560
     1.841E-3	      4.520
     1.842E-3	      4.520
     1.843E-3	      4.520
     1.844E-3	      4.520
     1.845E-3	      4.520
     1.846E-3	      4.520
     1.847E-3	      4.520
     1.848E-3	      4.520
     1.849E-3	      4.520
     1.850E-3	      4.520
     1.851E-3	      4.520
     1.852E-3	      4.560
     1.853E-3	      4.520
     1.854E-3	      4.520
     1.855E-3	      4.520
     1.856E-3	      4.520
     1.857E-3	      4.520
     1.858E-3	      4.520
     1.859E-3	      4.520
     1.860E-3	      4.520
     1.861E-3	      4.560
     1.862E-3	      4.520
     1.863E-3	      4.520
     1.864E-3	      4.520
     1.865E-3	      4.520
     1.866E-3	      4.520
     1.867E-3	      4.520
     1.868E-3	      4.480
     1.869E-3	      4.520
     1.870E-3	      4.520
     1.871E-3	      4.520
     1.872E-3	      4.520
     1.873E-3	      4.520
     1.874E-3	      4.520
     1.875E-3	      4.520
     1.876E-3	      4.520
     1.877E-3	      4.520
     1.878E-3	      4.520
     1.879E-3	      4.520
     1.880E-3	      4.520
     1.881E-3	      4.520
     1.882E-3	      4.520
     1.883E-3	      4.520
     1.884E-3	      4.520
     1.885E-3	      4.520
     1.886E-3	      4.560
     1.887E-3	      4.520
     1.888E-3	      4.520
     1.889E-3	      4.520
     1.890E-3	      4.480
     1.891E-3	      4.560
     1.892E-3	      4.520
     1.893E-3	      4.520
     1.894E-3	      4.520
     1.895E-3	      4.520
     1.896E-3	      4.520
     1.897E-3	      4.520
     1.898E-3	      4.480
     1.899E-3	      4.520
     1.900E-3	      4.520
     1.901E-3	      4.520
     1.902E-3	      4.520
     1.903E-3	      4.520
     1.904E-3	      4.520
     1.905E-3	      4.520
     1.906E-3	      4.520
     1.907E-3	      4.520
     1.908E-3	      4.520
     1.909E-3	      4.520
     1.910E-3	      4.520
     1.911E-3	      4.520
     1.912E-3	      4.520
     1.913E-3	      4.520
     1.914E-3	      4.520
     1.915E-3	      4.520
     1.916E-3	      4.520
     1.917E-3	      4.520
     1.918E-3	      4.520
     1.919E-3	      4.520
     1.920E-3	      4.520
     1.921E-3	      4.520
     1.922E-3	      4.520
     1.923E-3	      4.520
     1.924E-3	      4.520
     1.925E-3	      4.520
     1.926E-3	      4.520
     1.927E-3	      4.520
     1.928E-3	      4.520
     1.929E-3	      4.520
     1.930E-3	      4.520
     1.931E-3	      4.520
     1.932E-3	      4.520
     1.933E-3	      4.520
     1.934E-3	      4.520
     1.935E-3	      4.480
     1.936E-3	      4.520
     1.937E-3	      4.520
     1.938E-3	      4.520
     1.939E-3	      4.560
     1.940E-3	      4.520
     1.941E-3	      4.520
     1.942E-3	      4.520
     1.943E-3	      4.520
     1.944E-3	      4.520
     1.945E-3	      4.520
     1.946E-3	      4.520
     1.947E-3	      4.520
     1.948E-3	      4.520
     1.949E-3	      4.520
     1.950E-3	      4.520
     1.951E-3	      4.520
     1.952E-3	      4.560
     1.953E-3	      4.520
     1.954E-3	      4.520
     1.955E-3	      4.520
     1.956E-3	      4.520
     1.957E-3	      4.520
     1.958E-3	      4.520
     1.959E-3	      4.520
     1.960E-3	      4.520
     1.961E-3	      4.520
     1.962E-3	      4.520
     1.963E-3	      4.520
     1.964E-3	      4.520
     1.965E-3	      4.560
     1.966E-3	      4.480
     1.967E-3	      4.520
     1.968E-3	      4.480
     1.969E-3	      4.520
     1.970E-3	      4.520
     1.971E-3	      4.520
     1.972E-3	      4.520
     1.973E-3	      4.520
     1.974E-3	      4.520
     1.975E-3	      4.480
     1.976E-3	      4.520
     1.977E-3	      4.520
     1.978E-3	      4.520
     1.979E-3	      4.520
     1.980E-3	      4.520
     1.981E-3	      4.520
     1.982E-3	      4.520
     1.983E-3	      4.520
     1.984E-3	      4.520
     1.985E-3	      4.520
     1.986E-3	      4.520
     1.987E-3	      4.520
     1.988E-3	      4.520
     1.989E-3	      4.520
     1.990E-3	      4.520
     1.991E-3	      4.520
     1.992E-3	      4.520
     1.993E-3	      4.520
     1.994E-3	      4.520
     1.995E-3	      4.520
     1.996E-3	      4.520
     1.997E-3	      4.520
     1.998E-3	      4.520
     1.999E-3	      4.520
     2.000E-3	      4.520
     2.001E-3	      4.520
     2.002E-3	      4.520
     2.003E-3	      4.520
     2.004E-3	      4.520
     2.005E-3	      4.520
     2.006E-3	      4.520
     2.007E-3	      4.520
     2.008E-3	      4.520
     2.009E-3	      4.520
     2.010E-3	      4.520
     2.011E-3	      4.520
     2.012E-3	      4.520
     2.013E-3	      4.520
     2.014E-3	      4.520
     2.015E-3	      4.520
     2.016E-3	      4.520
     2.017E-3	      4.520
     2.018E-3	      4.520
     2.019E-3	      4.520
     2.020E-3	      4.520
     2.021E-3	      4.520
     2.022E-3	      4.560
     2.023E-3	      4.520
     2.024E-3	      4.520
     2.025E-3	      4.520
     2.026E-3	      4.520
     2.027E-3	      4.520
     2.028E-3	      4.520
     2.029E-3	      4.520
     2.030E-3	      4.520
     2.031E-3	      4.520
     2.032E-3	      4.520
     2.033E-3	      4.520
     2.034E-3	      4.520
     2.035E-3	      4.520
     2.036E-3	      4.520
     2.037E-3	      4.520
     2.038E-3	      4.520
     2.039E-3	      4.520
     2.040E-3	      4.520
     2.041E-3	      4.520
     2.042E-3	      4.520
     2.043E-3	      4.520
     2.044E-3	      4.520
     2.045E-3	      4.520
     2.046E-3	      4.520
     2.047E-3	      4.520
     2.048E-3	      4.520
     2.049E-3	      4.520
     2.050E-3	      4.560
     2.051E-3	      4.520
     2.052E-3	      4.520
     2.053E-3	      4.520
     2.054E-3	      4.520
     2.055E-3	      4.520
     2.056E-3	      4.520
     2.057E-3	      4.520
     2.058E-3	      4.520
     2.059E-3	      4.520
     2.060E-3	      4.520
     2.061E-3	      4.560
     2.062E-3	      4.520
     2.063E-3	      4.480
     2.064E-3	      4.520
     2.065E-3	      4.520
     2.066E-3	      4.520
     2.067E-3	      4.520
     2.068E-3	      4.520
     2.069E-3	      4.520
     2.070E-3	      4.520
     2.071E-3	      4.520
     2.072E-3	      4.520
     2.073E-3	      4.520
     2.074E-3	      4.520
     2.075E-3	      4.520
     2.076E-3	      4.520
     2.077E-3	      4.520
     2.078E-3	      4.520
     2.079E-3	      4.560
     2.080E-3	      4.520
     2.081E-3	      4.520
     2.082E-3	      4.520
     2.083E-3	      4.520
     2.084E-3	      4.520
     2.085E-3	      4.520
     2.086E-3	      4.520
     2.087E-3	      4.520
     2.088E-3	      4.520
     2.089E-3	      4.520
     2.090E-3	      4.520
     2.091E-3	      4.520
     2.092E-3	      4.520
     2.093E-3	      4.520
     2.094E-3	      4.520
     2.095E-3	      4.520
     2.096E-3	      4.520
     2.097E-3	      4.520
     2.098E-3	      4.520
     2.099E-3	      4.520
     2.100E-3	      4.520
     2.101E-3	      4.520
     2.102E-3	      4.560
     2.103E-3	      4.520
     2.104E-3	      4.520
     2.105E-3	      4.520
     2.106E-3	      4.520
     2.107E-3	      4.520
     2.108E-3	      4.520
     2.109E-3	      4.520
     2.110E-3	      4.520
     2.111E-3	      4.520
     2.112E-3	      4.520
     2.113E-3	      4.520
     2.114E-3	      4.520
     2.115E-3	      4.520
     2.116E-3	      4.520
     2.117E-3	      4.520
     2.118E-3	      4.520
     2.119E-3	      4.560
     2.120E-3	      4.520
     2.121E-3	      4.560
     2.122E-3	      4.520
     2.123E-3	      4.520
     2.124E-3	      4.520
     2.125E-3	      4.520
     2.126E-3	      4.520
     2.127E-3	      4.520
     2.128E-3	      4.520
     2.129E-3	      4.520
     2.130E-3	      4.520
     2.131E-3	      4.520
     2.132E-3	      4.520
     2.133E-3	      4.520
     2.134E-3	      4.520
     2.135E-3	      4.520
     2.136E-3	      4.520
     2.137E-3	      4.520
     2.138E-3	      4.520
     2.139E-3	      4.520
     2.140E-3	      4.520
     2.141E-3	      4.520
     2.142E-3	      4.520
     2.143E-3	      4.520
     2.144E-3	      4.520
     2.145E-3	      4.520
     2.146E-3	      4.520
     2.147E-3	      4.520
     2.148E-3	      4.520
     2.149E-3	      4.520
     2.150E-3	      4.520
     2.151E-3	      4.520
     2.152E-3	      4.520
     2.153E-3	      4.520
     2.154E-3	      4.520
     2.155E-3	      4.520
     2.156E-3	      4.520
     2.157E-3	      4.520
     2.158E-3	      4.520
     2.159E-3	      4.520
     2.160E-3	      4.520
     2.161E-3	      4.520
     2.162E-3	      4.480
     2.163E-3	      4.520
     2.164E-3	      4.520
     2.165E-3	      4.520
     2.166E-3	      4.520
     2.167E-3	      4.520
     2.168E-3	      4.520
     2.169E-3	      4.520
     2.170E-3	      4.520
     2.171E-3	      4.560
     2.172E-3	      4.480
     2.173E-3	      4.520
     2.174E-3	      4.520
     2.175E-3	      4.520
     2.176E-3	      4.560
     2.177E-3	      4.520
     2.178E-3	      4.520
     2.179E-3	      4.520
     2.180E-3	      4.520
     2.181E-3	      4.520
     2.182E-3	      4.520
     2.183E-3	      4.520
     2.184E-3	      4.520
     2.185E-3	      4.520
     2.186E-3	      4.520
     2.187E-3	      4.520
     2.188E-3	      4.520
     2.189E-3	      4.520
     2.190E-3	      4.560
     2.191E-3	      4.520
     2.192E-3	      4.520
     2.193E-3	      4.520
     2.194E-3	      4.520
     2.195E-3	      4.520
     2.196E-3	      4.520
     2.197E-3	      4.520
     2.198E-3	      4.480
     2.199E-3	      4.520
     2.200E-3	      4.520
     2.201E-3	      4.520
     2.202E-3	      4.520
     2.203E-3	      4.520
     2.204E-3	      4.520
     2.205E-3	      4.520
     2.206E-3	      4.520
     2.207E-3	      4.520
     2.208E-3	      4.520
     2.209E-3	      4.520
     2.210E-3	      4.480
     2.211E-3	      4.520
     2.212E-3	      4.520
     2.213E-3	      4.520
     2.214E-3	      4.520
     2.215E-3	      4.520
     2.216E-3	      4.520
     2.217E-3	      4.520
     2.218E-3	      4.520
     2.219E-3	      4.520
     2.220E-3	      4.520
     2.221E-3	      4.520
     2.222E-3	      4.520
     2.223E-3	      4.520
     2.224E-3	      4.520
     2.225E-3	      4.520
     2.226E-3	      4.520
     2.227E-3	      4.520
     2.228E-3	      4.520
     2.229E-3	      4.520
     2.230E-3	      4.560
     2.231E-3	      4.520
     2.232E-3	      4.520
     2.233E-3	      4.520
     2.234E-3	      4.520
     2.235E-3	      4.520
     2.236E-3	      4.520
     2.237E-3	      4.520
     2.238E-3	      4.520
     2.239E-3	      4.520
     2.240E-3	      4.520
     2.241E-3	      4.520
     2.242E-3	      4.520
     2.243E-3	      4.520
     2.244E-3	      4.520
     2.245E-3	      4.520
     2.246E-3	      4.520
     2.247E-3	      4.520
     2.248E-3	      4.520
     2.249E-3	      4.520
     2.250E-3	      4.520
     2.251E-3	      4.520
     2.252E-3	      4.520
     2.253E-3	      4.520
     2.254E-3	      4.520
     2.255E-3	      4.520
     2.256E-3	      4.520
     2.257E-3	      4.520
     2.258E-3	      4.560
     2.259E-3	      4.520
     2.260E-3	      4.520
     2.261E-3	      4.520
     2.262E-3	      4.520
     2.263E-3	      4.520
     2.264E-3	      4.520
     2.265E-3	      4.560
     2.266E-3	      4.520
     2.267E-3	      4.520
     2.268E-3	      4.520
     2.269E-3	      4.520
     2.270E-3	      4.520
     2.271E-3	      4.520
     2.272E-3	      4.520
     2.273E-3	      4.520
     2.274E-3	      4.520
     2.275E-3	      4.520
     2.276E-3	      4.520
     2.277E-3	      4.520
     2.278E-3	      4.520
     2.279E-3	      4.520
     2.280E-3	      4.520
     2.281E-3	      4.520
     2.282E-3	      4.520
     2.283E-3	      4.520
     2.284E-3	      4.520
     2.285E-3	      4.520
     2.286E-3	      4.480
     2.287E-3	      4.520
     2.288E-3	      4.520
     2.289E-3	      4.520
     2.290E-3	      4.520
     2.291E-3	      4.520
     2.292E-3	      4.520
     2.293E-3	      4.520
     2.294E-3	      4.520
     2.295E-3	      4.520
     2.296E-3	      4.520
     2.297E-3	      4.520
     2.298E-3	      4.520
     2.299E-3	      4.520
     2.300E-3	      4.520
     2.301E-3	      4.520
     2.302E-3	      4.560
     2.303E-3	      4.520
     2.304E-3	      4.520
     2.305E-3	      4.520
     2.306E-3	      4.520
     2.307E-3	      4.520
     2.308E-3	      4.480
     2.309E-3	      4.520
     2.310E-3	      4.520
     2.311E-3	      4.520
     2.312E-3	      4.520
     2.313E-3	      4.520
     2.314E-3	      4.520
     2.315E-3	      4.520
     2.316E-3	      4.520
     2.317E-3	      4.520
     2.318E-3	      4.520
     2.319E-3	      4.520
     2.320E-3	      4.480
     2.321E-3	      4.520
     2.322E-3	      4.520
     2.323E-3	      4.520
     2.324E-3	      4.520
     2.325E-3	      4.520
     2.326E-3	      4.520
     2.327E-3	      80.00E-3
     2.328E-3	      80.00E-3
     2.329E-3	      40.00E-3
     2.330E-3	     0.0000
     2.331E-3	      40.00E-3
     2.332E-3	     0.0000
     2.333E-3	      40.00E-3
     2.334E-3	      40.00E-3
     2.335E-3	      40.00E-3
     2.336E-3	     0.0000
     2.337E-3	     0.0000
     2.338E-3	     0.0000
     2.339E-3	      40.00E-3
     2.340E-3	     0.0000
     2.341E-3	      40.00E-3
     2.342E-3	      40.00E-3
     2.343E-3	      40.00E-3
     2.344E-3	      40.00E-3
     2.345E-3	     0.0000
     2.346E-3	     0.0000
     2.347E-3	     0.0000
     2.348E-3	     0.0000
     2.349E-3	     0.0000
     2.350E-3	     0.0000
     2.351E-3	     0.0000
     2.352E-3	      40.00E-3
     2.353E-3	      40.00E-3
     2.354E-3	     0.0000
     2.355E-3	      40.00E-3
     2.356E-3	     0.0000
     2.357E-3	      40.00E-3
     2.358E-3	     0.0000
     2.359E-3	     0.0000
     2.360E-3	      40.00E-3
     2.361E-3	     0.0000
     2.362E-3	     0.0000
     2.363E-3	      40.00E-3
     2.364E-3	     0.0000
     2.365E-3	     0.0000
     2.366E-3	     0.0000
     2.367E-3	      40.00E-3
     2.368E-3	     0.0000
     2.369E-3	     0.0000
     2.370E-3	     0.0000
     2.371E-3	     0.0000
     2.372E-3	      40.00E-3
     2.373E-3	     0.0000
     2.374E-3	     0.0000
     2.375E-3	     0.0000
     2.376E-3	     0.0000
     2.377E-3	     0.0000
     2.378E-3	      40.00E-3
     2.379E-3	     0.0000
     2.380E-3	     0.0000
     2.381E-3	     0.0000
     2.382E-3	     0.0000
     2.383E-3	     0.0000
     2.384E-3	      40.00E-3
     2.385E-3	      40.00E-3
     2.386E-3	      40.00E-3
     2.387E-3	     0.0000
     2.388E-3	     0.0000
     2.389E-3	     0.0000
     2.390E-3	     0.0000
     2.391E-3	      40.00E-3
     2.392E-3	     0.0000
     2.393E-3	     0.0000
     2.394E-3	     0.0000
     2.395E-3	     0.0000
     2.396E-3	     0.0000
     2.397E-3	     0.0000
     2.398E-3	      40.00E-3
     2.399E-3	     0.0000
     2.400E-3	     0.0000
     2.401E-3	     0.0000
     2.402E-3	     0.0000
     2.403E-3	      40.00E-3
     2.404E-3	     0.0000
     2.405E-3	      40.00E-3
     2.406E-3	     0.0000
     2.407E-3	     0.0000
     2.408E-3	     0.0000
     2.409E-3	     0.0000
     2.410E-3	     0.0000
     2.411E-3	      40.00E-3
     2.412E-3	     0.0000
     2.413E-3	     0.0000
     2.414E-3	      40.00E-3
     2.415E-3	     0.0000
     2.416E-3	     0.0000
     2.417E-3	     0.0000
     2.418E-3	     0.0000
     2.419E-3	     -40.00E-3
     2.420E-3	     0.0000
     2.421E-3	     0.0000
     2.422E-3	     0.0000
     2.423E-3	      40.00E-3
     2.424E-3	      40.00E-3
     2.425E-3	     0.0000
     2.426E-3	     0.0000
     2.427E-3	     0.0000
     2.428E-3	      40.00E-3
     2.429E-3	      40.00E-3
     2.430E-3	     0.0000
     2.431E-3	     0.0000
     2.432E-3	     0.0000
     2.433E-3	     0.0000
     2.434E-3	      40.00E-3
     2.435E-3	     0.0000
     2.436E-3	     0.0000
     2.437E-3	     0.0000
     2.438E-3	     0.0000
     2.439E-3	     0.0000
     2.440E-3	     0.0000
     2.441E-3	     0.0000
     2.442E-3	     0.0000
     2.443E-3	     0.0000
     2.444E-3	     0.0000
     2.445E-3	     0.0000
     2.446E-3	      40.00E-3
     2.447E-3	      40.00E-3
     2.448E-3	      40.00E-3
     2.449E-3	      40.00E-3
     2.450E-3	     0.0000
     2.451E-3	     0.0000
     2.452E-3	     0.0000
     2.453E-3	      40.00E-3
     2.454E-3	      40.00E-3
     2.455E-3	      40.00E-3
     2.456E-3	      40.00E-3
     2.457E-3	      40.00E-3
     2.458E-3	      40.00E-3
     2.459E-3	     0.0000
     2.460E-3	     0.0000
     2.461E-3	     0.0000
     2.462E-3	     0.0000
     2.463E-3	     -40.00E-3
     2.464E-3	     0.0000
     2.465E-3	     0.0000
     2.466E-3	      40.00E-3
     2.467E-3	     0.0000
     2.468E-3	     0.0000
     2.469E-3	     0.0000
     2.470E-3	     0.0000
     2.471E-3	     0.0000
     2.472E-3	     0.0000
     2.473E-3	      40.00E-3
     2.474E-3	     0.0000
     2.475E-3	     0.0000
     2.476E-3	      40.00E-3
     2.477E-3	     0.0000
     2.478E-3	     0.0000
     2.479E-3	     0.0000
     2.480E-3	     0.0000
     2.481E-3	      40.00E-3
     2.482E-3	      40.00E-3
     2.483E-3	     0.0000
     2.484E-3	      40.00E-3
     2.485E-3	      40.00E-3
     2.486E-3	     0.0000
     2.487E-3	     0.0000
     2.488E-3	      40.00E-3
     2.489E-3	     0.0000
     2.490E-3	      40.00E-3
     2.491E-3	     0.0000
     2.492E-3	      40.00E-3
     2.493E-3	     0.0000
     2.494E-3	     0.0000
     2.495E-3	      40.00E-3
     2.496E-3	     0.0000
     2.497E-3	      40.00E-3
     2.498E-3	     0.0000
     2.499E-3	     0.0000
