    0.0000	      3.280
     100.0E-6	      3.280
     200.0E-6	      3.280
     300.0E-6	      3.280
     400.0E-6	      3.280
     500.0E-6	      3.200
     600.0E-6	      3.200
     700.0E-6	      3.200
     800.0E-6	      3.200
     900.0E-6	      3.200
     1000.E-6	      3.200
     1.100E-3	      3.200
     1.200E-3	      3.120
     1.300E-3	      3.200
     1.400E-3	      3.120
     1.500E-3	      3.120
     1.600E-3	      3.120
     1.700E-3	      3.120
     1.800E-3	      3.120
     1.900E-3	      3.040
     2.000E-3	      3.040
     2.100E-3	      3.040
     2.200E-3	      3.040
     2.300E-3	      3.040
     2.400E-3	      2.960
     2.500E-3	      3.040
     2.600E-3	      2.960
     2.700E-3	      2.960
     2.800E-3	      2.960
     2.900E-3	      2.960
     3.000E-3	      2.960
     3.100E-3	      2.960
     3.200E-3	      2.960
     3.300E-3	      2.880
     3.400E-3	      2.880
     3.500E-3	      2.880
     3.600E-3	      2.880
     3.700E-3	      2.880
     3.800E-3	      2.880
     3.900E-3	      2.880
     4.000E-3	      2.800
     4.100E-3	      2.800
     4.200E-3	      2.800
     4.300E-3	      2.720
     4.400E-3	      2.800
     4.500E-3	      2.720
     4.600E-3	      2.720
     4.700E-3	      2.720
     4.800E-3	      2.720
     4.900E-3	      2.720
     5.000E-3	      2.720
     5.100E-3	      2.720
     5.200E-3	      2.640
     5.300E-3	      2.640
     5.400E-3	      2.640
     5.500E-3	      2.640
     5.600E-3	      2.640
     5.700E-3	      2.560
     5.800E-3	      2.640
     5.900E-3	      2.560
     6.000E-3	      2.640
     6.100E-3	      2.560
     6.200E-3	      2.560
     6.300E-3	      2.560
     6.400E-3	      2.560
     6.500E-3	      2.560
     6.600E-3	      2.480
     6.700E-3	      2.480
     6.800E-3	      2.480
     6.900E-3	      2.480
     7.000E-3	      2.480
     7.100E-3	      2.480
     7.200E-3	      2.400
     7.300E-3	      2.480
     7.400E-3	      2.480
     7.500E-3	      2.400
     7.600E-3	      2.400
     7.700E-3	      2.400
     7.800E-3	      2.400
     7.900E-3	      2.400
     8.000E-3	      2.320
     8.100E-3	      2.320
     8.200E-3	      2.320
     8.300E-3	      2.320
     8.400E-3	      2.240
     8.500E-3	      2.320
     8.600E-3	      2.240
     8.700E-3	      2.240
     8.800E-3	      2.240
     8.900E-3	      2.240
     9.000E-3	      2.240
     9.100E-3	      2.240
     9.200E-3	      2.240
     9.300E-3	      2.160
     9.400E-3	      2.160
     9.500E-3	      2.160
     9.600E-3	      2.160
     9.700E-3	      2.160
     9.800E-3	      2.080
     9.900E-3	      2.160
     10.00E-3	      2.160
     10.10E-3	      2.080
     10.20E-3	      2.080
     10.30E-3	      2.080
     10.40E-3	      2.080
     10.50E-3	      2.080
     10.60E-3	      2.000
     10.70E-3	      2.000
     10.80E-3	      2.000
     10.90E-3	      2.000
     11.00E-3	      2.000
     11.10E-3	      2.000
     11.20E-3	      2.000
     11.30E-3	      1.920
     11.40E-3	      2.000
     11.50E-3	      1.920
     11.60E-3	      1.920
     11.70E-3	      1.920
     11.80E-3	      1.920
     11.90E-3	      1.920
     12.00E-3	      1.920
     12.10E-3	      1.840
     12.20E-3	      1.840
     12.30E-3	      1.840
     12.40E-3	      1.840
     12.50E-3	      1.840
     12.60E-3	      1.760
     12.70E-3	      1.760
     12.80E-3	      1.760
     12.90E-3	      1.760
     13.00E-3	      1.760
     13.10E-3	      1.680
     13.20E-3	      1.680
     13.30E-3	      1.680
     13.40E-3	      1.760
     13.50E-3	      1.680
     13.60E-3	      1.680
     13.70E-3	      1.680
     13.80E-3	      1.680
     13.90E-3	      1.680
     14.00E-3	      1.680
     14.10E-3	      1.600
     14.20E-3	      1.680
     14.30E-3	      1.600
     14.40E-3	      1.600
     14.50E-3	      1.520
     14.60E-3	      1.520
     14.70E-3	      1.520
     14.80E-3	      1.520
     14.90E-3	      1.520
     15.00E-3	      1.520
     15.10E-3	      1.520
     15.20E-3	      1.520
     15.30E-3	      1.520
     15.40E-3	      1.440
     15.50E-3	      1.440
     15.60E-3	      1.440
     15.70E-3	      1.440
     15.80E-3	      1.360
     15.90E-3	      1.440
     16.00E-3	      1.360
     16.10E-3	      1.360
     16.20E-3	      1.360
     16.30E-3	      1.360
     16.40E-3	      1.360
     16.50E-3	      1.360
     16.60E-3	      1.280
     16.70E-3	      1.280
     16.80E-3	      1.280
     16.90E-3	      1.280
     17.00E-3	      1.280
     17.10E-3	      1.280
     17.20E-3	      1.200
     17.30E-3	      1.200
     17.40E-3	      1.200
     17.50E-3	      1.200
     17.60E-3	      1.200
     17.70E-3	      1.280
     17.80E-3	      1.200
     17.90E-3	      1.200
     18.00E-3	      1.120
     18.10E-3	      1.120
     18.20E-3	      1.200
     18.30E-3	      1.120
     18.40E-3	      1.120
     18.50E-3	      1.120
     18.60E-3	      1.120
     18.70E-3	      1.120
     18.80E-3	      1.120
     18.90E-3	      1.040
     19.00E-3	      1.040
     19.10E-3	      1.040
     19.20E-3	      1.040
     19.30E-3	      1.040
     19.40E-3	      1.040
     19.50E-3	      960.0E-3
     19.60E-3	      960.0E-3
     19.70E-3	      960.0E-3
     19.80E-3	      960.0E-3
     19.90E-3	      880.0E-3
     20.00E-3	      880.0E-3
     20.10E-3	      960.0E-3
     20.20E-3	      880.0E-3
     20.30E-3	      880.0E-3
     20.40E-3	      880.0E-3
     20.50E-3	      880.0E-3
     20.60E-3	      880.0E-3
     20.70E-3	      800.0E-3
     20.80E-3	      800.0E-3
     20.90E-3	      880.0E-3
     21.00E-3	      800.0E-3
     21.10E-3	      800.0E-3
     21.20E-3	      800.0E-3
     21.30E-3	      720.0E-3
     21.40E-3	      800.0E-3
     21.50E-3	      800.0E-3
     21.60E-3	      720.0E-3
     21.70E-3	      720.0E-3
     21.80E-3	      720.0E-3
     21.90E-3	      720.0E-3
     22.00E-3	      720.0E-3
     22.10E-3	      640.0E-3
     22.20E-3	      640.0E-3
     22.30E-3	      720.0E-3
     22.40E-3	      640.0E-3
     22.50E-3	      640.0E-3
     22.60E-3	      640.0E-3
     22.70E-3	      640.0E-3
     22.80E-3	      560.0E-3
     22.90E-3	      560.0E-3
     23.00E-3	      560.0E-3
     23.10E-3	      560.0E-3
     23.20E-3	      560.0E-3
     23.30E-3	      560.0E-3
     23.40E-3	      560.0E-3
     23.50E-3	      560.0E-3
     23.60E-3	      480.0E-3
     23.70E-3	      480.0E-3
     23.80E-3	      560.0E-3
     23.90E-3	      400.0E-3
     24.00E-3	      480.0E-3
     24.10E-3	      320.0E-3
     24.20E-3	      400.0E-3
     24.30E-3	      400.0E-3
     24.40E-3	      400.0E-3
     24.50E-3	      320.0E-3
     24.60E-3	      400.0E-3
     24.70E-3	      400.0E-3
     24.80E-3	      400.0E-3
     24.90E-3	      320.0E-3
     25.00E-3	      320.0E-3
     25.10E-3	      320.0E-3
     25.20E-3	      320.0E-3
     25.30E-3	      320.0E-3
     25.40E-3	      240.0E-3
     25.50E-3	      240.0E-3
     25.60E-3	      240.0E-3
     25.70E-3	      240.0E-3
     25.80E-3	      240.0E-3
     25.90E-3	      240.0E-3
     26.00E-3	      240.0E-3
     26.10E-3	      160.0E-3
     26.20E-3	      160.0E-3
     26.30E-3	      160.0E-3
     26.40E-3	      160.0E-3
     26.50E-3	      160.0E-3
     26.60E-3	      80.00E-3
     26.70E-3	      80.00E-3
     26.80E-3	      80.00E-3
     26.90E-3	      80.00E-3
     27.00E-3	      80.00E-3
     27.10E-3	      80.00E-3
     27.20E-3	      80.00E-3
     27.30E-3	     0.0000
     27.40E-3	      80.00E-3
     27.50E-3	      80.00E-3
     27.60E-3	     0.0000
     27.70E-3	      80.00E-3
     27.80E-3	      80.00E-3
     27.90E-3	     0.0000
     28.00E-3	      80.00E-3
     28.10E-3	      80.00E-3
     28.20E-3	      80.00E-3
     28.30E-3	      80.00E-3
     28.40E-3	      80.00E-3
     28.50E-3	      80.00E-3
     28.60E-3	      80.00E-3
     28.70E-3	      160.0E-3
     28.80E-3	      160.0E-3
     28.90E-3	      160.0E-3
     29.00E-3	      160.0E-3
     29.10E-3	      160.0E-3
     29.20E-3	      160.0E-3
     29.30E-3	      240.0E-3
     29.40E-3	      240.0E-3
     29.50E-3	      240.0E-3
     29.60E-3	      240.0E-3
     29.70E-3	      320.0E-3
     29.80E-3	      240.0E-3
     29.90E-3	      320.0E-3
     30.00E-3	      320.0E-3
     30.10E-3	      320.0E-3
     30.20E-3	      320.0E-3
     30.30E-3	      320.0E-3
     30.40E-3	      400.0E-3
     30.50E-3	      320.0E-3
     30.60E-3	      400.0E-3
     30.70E-3	      320.0E-3
     30.80E-3	      400.0E-3
     30.90E-3	      400.0E-3
     31.00E-3	      400.0E-3
     31.10E-3	      400.0E-3
     31.20E-3	      400.0E-3
     31.30E-3	      480.0E-3
     31.40E-3	      480.0E-3
     31.50E-3	      560.0E-3
     31.60E-3	      560.0E-3
     31.70E-3	      480.0E-3
     31.80E-3	      480.0E-3
     31.90E-3	      560.0E-3
     32.00E-3	      480.0E-3
     32.10E-3	      560.0E-3
     32.20E-3	      560.0E-3
     32.30E-3	      560.0E-3
     32.40E-3	      560.0E-3
     32.50E-3	      560.0E-3
     32.60E-3	      640.0E-3
     32.70E-3	      640.0E-3
     32.80E-3	      640.0E-3
     32.90E-3	      640.0E-3
     33.00E-3	      640.0E-3
     33.10E-3	      720.0E-3
     33.20E-3	      720.0E-3
     33.30E-3	      720.0E-3
     33.40E-3	      720.0E-3
     33.50E-3	      720.0E-3
     33.60E-3	      800.0E-3
     33.70E-3	      720.0E-3
     33.80E-3	      800.0E-3
     33.90E-3	      720.0E-3
     34.00E-3	      720.0E-3
     34.10E-3	      800.0E-3
     34.20E-3	      800.0E-3
     34.30E-3	      800.0E-3
     34.40E-3	      800.0E-3
     34.50E-3	      800.0E-3
     34.60E-3	      800.0E-3
     34.70E-3	      880.0E-3
     34.80E-3	      880.0E-3
     34.90E-3	      880.0E-3
     35.00E-3	      880.0E-3
     35.10E-3	      880.0E-3
     35.20E-3	      880.0E-3
     35.30E-3	      960.0E-3
     35.40E-3	      960.0E-3
     35.50E-3	      960.0E-3
     35.60E-3	      960.0E-3
     35.70E-3	      960.0E-3
     35.80E-3	      1.040
     35.90E-3	      1.040
     36.00E-3	      1.040
     36.10E-3	      1.040
     36.20E-3	      1.040
     36.30E-3	      1.040
     36.40E-3	      1.040
     36.50E-3	      1.040
     36.60E-3	      1.120
     36.70E-3	      1.120
     36.80E-3	      1.200
     36.90E-3	      1.120
     37.00E-3	      1.040
     37.10E-3	      1.120
     37.20E-3	      1.200
     37.30E-3	      1.200
     37.40E-3	      1.200
     37.50E-3	      1.200
     37.60E-3	      1.280
     37.70E-3	      1.200
     37.80E-3	      1.280
     37.90E-3	      1.200
     38.00E-3	      1.280
     38.10E-3	      1.280
     38.20E-3	      1.280
     38.30E-3	      1.280
     38.40E-3	      1.280
     38.50E-3	      1.280
     38.60E-3	      1.280
     38.70E-3	      1.280
     38.80E-3	      1.360
     38.90E-3	      1.360
     39.00E-3	      1.360
     39.10E-3	      1.360
     39.20E-3	      1.360
     39.30E-3	      1.360
     39.40E-3	      1.440
     39.50E-3	      1.440
     39.60E-3	      1.440
     39.70E-3	      1.440
     39.80E-3	      1.520
     39.90E-3	      1.440
     40.00E-3	      1.520
     40.10E-3	      1.440
     40.20E-3	      1.520
     40.30E-3	      1.520
     40.40E-3	      1.520
     40.50E-3	      1.600
     40.60E-3	      1.520
     40.70E-3	      1.520
     40.80E-3	      1.600
     40.90E-3	      1.600
     41.00E-3	      1.520
     41.10E-3	      1.600
     41.20E-3	      1.680
     41.30E-3	      1.680
     41.40E-3	      1.680
     41.50E-3	      1.680
     41.60E-3	      1.680
     41.70E-3	      1.680
     41.80E-3	      1.680
     41.90E-3	      1.680
     42.00E-3	      1.760
     42.10E-3	      1.760
     42.20E-3	      1.760
     42.30E-3	      1.760
     42.40E-3	      1.760
     42.50E-3	      1.760
     42.60E-3	      1.760
     42.70E-3	      1.840
     42.80E-3	      1.760
     42.90E-3	      1.840
     43.00E-3	      1.840
     43.10E-3	      1.840
     43.20E-3	      1.840
     43.30E-3	      1.840
     43.40E-3	      1.920
     43.50E-3	      1.920
     43.60E-3	      1.920
     43.70E-3	      1.920
     43.80E-3	      1.920
     43.90E-3	      2.000
     44.00E-3	      2.000
     44.10E-3	      2.000
     44.20E-3	      2.000
     44.30E-3	      2.000
     44.40E-3	      2.000
     44.50E-3	      2.000
     44.60E-3	      2.000
     44.70E-3	      2.000
     44.80E-3	      2.000
     44.90E-3	      2.080
     45.00E-3	      2.080
     45.10E-3	      2.080
     45.20E-3	      2.080
     45.30E-3	      2.160
     45.40E-3	      2.160
     45.50E-3	      2.160
     45.60E-3	      2.160
     45.70E-3	      2.240
     45.80E-3	      2.240
     45.90E-3	      2.240
     46.00E-3	      2.240
     46.10E-3	      2.240
     46.20E-3	      2.240
     46.30E-3	      2.240
     46.40E-3	      2.320
     46.50E-3	      2.320
     46.60E-3	      2.320
     46.70E-3	      2.320
     46.80E-3	      2.320
     46.90E-3	      2.320
     47.00E-3	      2.240
     47.10E-3	      2.320
     47.20E-3	      2.400
     47.30E-3	      2.320
     47.40E-3	      2.400
     47.50E-3	      2.400
     47.60E-3	      2.400
     47.70E-3	      2.400
     47.80E-3	      2.400
     47.90E-3	      2.400
     48.00E-3	      2.480
     48.10E-3	      2.400
     48.20E-3	      2.480
     48.30E-3	      2.480
     48.40E-3	      2.560
     48.50E-3	      2.560
     48.60E-3	      2.480
     48.70E-3	      2.560
     48.80E-3	      2.480
     48.90E-3	      2.560
     49.00E-3	      2.560
     49.10E-3	      2.560
     49.20E-3	      2.560
     49.30E-3	      2.640
     49.40E-3	      2.640
     49.50E-3	      2.640
     49.60E-3	      2.640
     49.70E-3	      2.640
     49.80E-3	      2.640
     49.90E-3	      2.640
     50.00E-3	      2.720
     50.10E-3	      2.720
     50.20E-3	      2.720
     50.30E-3	      2.720
     50.40E-3	      2.720
     50.50E-3	      2.720
     50.60E-3	      2.800
     50.70E-3	      2.720
     50.80E-3	      2.800
     50.90E-3	      2.800
     51.00E-3	      2.720
     51.10E-3	      2.800
     51.20E-3	      2.800
     51.30E-3	      2.800
     51.40E-3	      2.880
     51.50E-3	      2.880
     51.60E-3	      2.880
     51.70E-3	      2.880
     51.80E-3	      2.880
     51.90E-3	      2.880
     52.00E-3	      2.960
     52.10E-3	      2.880
     52.20E-3	      2.880
     52.30E-3	      2.960
     52.40E-3	      2.960
     52.50E-3	      2.960
     52.60E-3	      3.040
     52.70E-3	      3.040
     52.80E-3	      3.040
     52.90E-3	      2.960
     53.00E-3	      2.960
     53.10E-3	      3.040
     53.20E-3	      3.120
     53.30E-3	      3.120
     53.40E-3	      3.120
     53.50E-3	      3.120
     53.60E-3	      3.120
     53.70E-3	      3.120
     53.80E-3	      3.120
     53.90E-3	      3.120
     54.00E-3	      3.120
     54.10E-3	      3.200
     54.20E-3	      3.200
     54.30E-3	      3.200
     54.40E-3	      3.200
     54.50E-3	      3.280
     54.60E-3	      3.200
     54.70E-3	      3.200
     54.80E-3	      3.280
     54.90E-3	      3.280
     55.00E-3	      3.280
     55.10E-3	      3.280
     55.20E-3	      3.280
     55.30E-3	      3.360
     55.40E-3	      3.280
     55.50E-3	      3.360
     55.60E-3	      3.280
     55.70E-3	      3.360
     55.80E-3	      3.360
     55.90E-3	      3.360
     56.00E-3	      3.440
     56.10E-3	      3.440
     56.20E-3	      3.440
     56.30E-3	      3.440
     56.40E-3	      3.440
     56.50E-3	      3.440
     56.60E-3	      3.440
     56.70E-3	      3.520
     56.80E-3	      3.520
     56.90E-3	      3.520
     57.00E-3	      3.520
     57.10E-3	      3.520
     57.20E-3	      3.520
     57.30E-3	      3.600
     57.40E-3	      3.600
     57.50E-3	      3.600
     57.60E-3	      3.600
     57.70E-3	      3.600
     57.80E-3	      3.680
     57.90E-3	      3.600
     58.00E-3	      3.680
     58.10E-3	      3.600
     58.20E-3	      3.680
     58.30E-3	      3.680
     58.40E-3	      3.680
     58.50E-3	      3.680
     58.60E-3	      3.680
     58.70E-3	      3.680
     58.80E-3	      3.680
     58.90E-3	      3.760
     59.00E-3	      3.760
     59.10E-3	      3.680
     59.20E-3	      3.760
     59.30E-3	      3.760
     59.40E-3	      3.840
     59.50E-3	      3.760
     59.60E-3	      3.840
     59.70E-3	      3.840
     59.80E-3	      3.920
     59.90E-3	      3.840
     60.00E-3	      3.920
     60.10E-3	      3.920
     60.20E-3	      3.920
     60.30E-3	      3.920
     60.40E-3	      3.920
     60.50E-3	      3.920
     60.60E-3	      3.920
     60.70E-3	      3.920
     60.80E-3	      3.920
     60.90E-3	      3.920
     61.00E-3	      4.000
     61.10E-3	      4.000
     61.20E-3	      4.000
     61.30E-3	      4.080
     61.40E-3	      4.080
     61.50E-3	      4.080
     61.60E-3	      4.080
     61.70E-3	      4.080
     61.80E-3	      4.080
     61.90E-3	      4.080
     62.00E-3	      4.080
     62.10E-3	      4.160
     62.20E-3	      4.160
     62.30E-3	      4.160
     62.40E-3	      4.160
     62.50E-3	      4.160
     62.60E-3	      4.160
     62.70E-3	      4.160
     62.80E-3	      4.240
     62.90E-3	      4.160
     63.00E-3	      4.320
     63.10E-3	      4.240
     63.20E-3	      4.240
     63.30E-3	      4.240
     63.40E-3	      4.320
     63.50E-3	      4.320
     63.60E-3	      4.320
     63.70E-3	      4.400
     63.80E-3	      4.320
     63.90E-3	      4.400
     64.00E-3	      4.400
     64.10E-3	      4.400
     64.20E-3	      4.400
     64.30E-3	      4.400
     64.40E-3	      4.400
     64.50E-3	      4.480
     64.60E-3	      4.400
     64.70E-3	      4.480
     64.80E-3	      4.400
     64.90E-3	      4.400
     65.00E-3	      4.400
     65.10E-3	      4.480
     65.20E-3	      4.560
     65.30E-3	      4.480
     65.40E-3	      4.560
     65.50E-3	      4.560
     65.60E-3	      4.560
     65.70E-3	      4.560
     65.80E-3	      4.560
     65.90E-3	      4.560
     66.00E-3	      4.640
     66.10E-3	      4.640
     66.20E-3	      4.640
     66.30E-3	      4.640
     66.40E-3	      4.640
     66.50E-3	      4.640
     66.60E-3	      4.720
     66.70E-3	      4.640
     66.80E-3	      4.640
     66.90E-3	      4.720
     67.00E-3	      4.640
     67.10E-3	      4.720
     67.20E-3	      4.720
     67.30E-3	      4.800
     67.40E-3	      4.800
     67.50E-3	      4.800
     67.60E-3	      4.800
     67.70E-3	      4.800
     67.80E-3	      4.800
     67.90E-3	      4.880
     68.00E-3	      4.800
     68.10E-3	      4.880
     68.20E-3	      4.880
     68.30E-3	      4.880
     68.40E-3	      4.880
     68.50E-3	      4.880
     68.60E-3	      4.960
     68.70E-3	      4.960
     68.80E-3	      4.960
     68.90E-3	      4.960
     69.00E-3	      4.960
     69.10E-3	      4.960
     69.20E-3	      4.960
     69.30E-3	      5.040
     69.40E-3	      5.040
     69.50E-3	      5.040
     69.60E-3	      4.960
     69.70E-3	      5.040
     69.80E-3	      5.040
     69.90E-3	      5.120
     70.00E-3	      5.120
     70.10E-3	      5.120
     70.20E-3	      5.120
     70.30E-3	      5.120
     70.40E-3	      5.120
     70.50E-3	      5.120
     70.60E-3	      5.200
     70.70E-3	      5.120
     70.80E-3	      5.120
     70.90E-3	      5.120
     71.00E-3	      5.120
     71.10E-3	      5.120
     71.20E-3	      5.040
     71.30E-3	      5.120
     71.40E-3	      5.040
     71.50E-3	      5.040
     71.60E-3	      5.040
     71.70E-3	      5.120
     71.80E-3	      5.040
     71.90E-3	      5.040
     72.00E-3	      4.960
     72.10E-3	      4.960
     72.20E-3	      4.960
     72.30E-3	      4.960
     72.40E-3	      4.960
     72.50E-3	      4.880
     72.60E-3	      4.960
     72.70E-3	      4.880
     72.80E-3	      4.880
     72.90E-3	      4.880
     73.00E-3	      4.880
     73.10E-3	      4.880
     73.20E-3	      4.880
     73.30E-3	      4.880
     73.40E-3	      4.880
     73.50E-3	      4.800
     73.60E-3	      4.800
     73.70E-3	      4.800
     73.80E-3	      4.800
     73.90E-3	      4.720
     74.00E-3	      4.720
     74.10E-3	      4.720
     74.20E-3	      4.800
     74.30E-3	      4.720
     74.40E-3	      4.720
     74.50E-3	      4.640
     74.60E-3	      4.640
     74.70E-3	      4.640
     74.80E-3	      4.640
     74.90E-3	      4.640
     75.00E-3	      4.640
     75.10E-3	      4.640
     75.20E-3	      4.640
     75.30E-3	      4.640
     75.40E-3	      4.640
     75.50E-3	      4.560
     75.60E-3	      4.560
     75.70E-3	      4.560
     75.80E-3	      4.560
     75.90E-3	      4.560
     76.00E-3	      4.480
     76.10E-3	      4.560
     76.20E-3	      4.480
     76.30E-3	      4.480
     76.40E-3	      4.480
     76.50E-3	      4.400
     76.60E-3	      4.480
     76.70E-3	      4.480
     76.80E-3	      4.400
     76.90E-3	      4.400
     77.00E-3	      4.400
     77.10E-3	      4.400
     77.20E-3	      4.320
     77.30E-3	      4.400
     77.40E-3	      4.400
     77.50E-3	      4.400
     77.60E-3	      4.400
     77.70E-3	      4.320
     77.80E-3	      4.320
     77.90E-3	      4.320
     78.00E-3	      4.240
     78.10E-3	      4.240
     78.20E-3	      4.240
     78.30E-3	      4.240
     78.40E-3	      4.240
     78.50E-3	      4.240
     78.60E-3	      4.240
     78.70E-3	      4.160
     78.80E-3	      4.240
     78.90E-3	      4.160
     79.00E-3	      4.160
     79.10E-3	      4.160
     79.20E-3	      4.160
     79.30E-3	      4.160
     79.40E-3	      4.160
     79.50E-3	      4.080
     79.60E-3	      4.160
     79.70E-3	      4.000
     79.80E-3	      4.080
     79.90E-3	      4.080
     80.00E-3	      4.080
     80.10E-3	      4.000
     80.20E-3	      4.000
     80.30E-3	      4.000
     80.40E-3	      3.920
     80.50E-3	      4.000
     80.60E-3	      4.000
     80.70E-3	      3.920
     80.80E-3	      3.920
     80.90E-3	      3.920
     81.00E-3	      3.920
     81.10E-3	      3.920
     81.20E-3	      3.920
     81.30E-3	      3.920
     81.40E-3	      3.840
     81.50E-3	      3.840
     81.60E-3	      3.840
     81.70E-3	      3.840
     81.80E-3	      3.840
     81.90E-3	      3.840
     82.00E-3	      3.840
     82.10E-3	      3.760
     82.20E-3	      3.760
     82.30E-3	      3.760
     82.40E-3	      3.760
     82.50E-3	      3.680
     82.60E-3	      3.760
     82.70E-3	      3.760
     82.80E-3	      3.680
     82.90E-3	      3.680
     83.00E-3	      3.680
     83.10E-3	      3.680
     83.20E-3	      3.680
     83.30E-3	      3.680
     83.40E-3	      3.600
     83.50E-3	      3.600
     83.60E-3	      3.600
     83.70E-3	      3.600
     83.80E-3	      3.600
     83.90E-3	      3.600
     84.00E-3	      3.600
     84.10E-3	      3.520
     84.20E-3	      3.520
     84.30E-3	      3.520
     84.40E-3	      3.440
     84.50E-3	      3.520
     84.60E-3	      3.440
     84.70E-3	      3.520
     84.80E-3	      3.440
     84.90E-3	      3.440
     85.00E-3	      3.440
     85.10E-3	      3.440
     85.20E-3	      3.360
     85.30E-3	      3.360
     85.40E-3	      3.440
     85.50E-3	      3.360
     85.60E-3	      3.360
     85.70E-3	      3.360
     85.80E-3	      3.360
     85.90E-3	      3.360
     86.00E-3	      3.360
     86.10E-3	      3.280
     86.20E-3	      3.280
     86.30E-3	      3.280
     86.40E-3	      3.280
     86.50E-3	      3.200
     86.60E-3	      3.200
     86.70E-3	      3.200
     86.80E-3	      3.200
     86.90E-3	      3.200
     87.00E-3	      3.200
     87.10E-3	      3.200
     87.20E-3	      3.200
     87.30E-3	      3.200
     87.40E-3	      3.200
     87.50E-3	      3.120
     87.60E-3	      3.120
     87.70E-3	      3.120
     87.80E-3	      3.120
     87.90E-3	      3.120
     88.00E-3	      3.120
     88.10E-3	      3.040
     88.20E-3	      3.040
     88.30E-3	      3.040
     88.40E-3	      3.040
     88.50E-3	      2.960
     88.60E-3	      2.960
     88.70E-3	      2.960
     88.80E-3	      2.960
     88.90E-3	      2.960
     89.00E-3	      2.960
     89.10E-3	      2.880
     89.20E-3	      2.960
     89.30E-3	      2.880
     89.40E-3	      2.960
     89.50E-3	      2.880
     89.60E-3	      2.880
     89.70E-3	      2.880
     89.80E-3	      2.880
     89.90E-3	      2.800
     90.00E-3	      2.800
     90.10E-3	      2.800
     90.20E-3	      2.880
     90.30E-3	      2.800
     90.40E-3	      2.800
     90.50E-3	      2.800
     90.60E-3	      2.720
     90.70E-3	      2.720
     90.80E-3	      2.720
     90.90E-3	      2.720
     91.00E-3	      2.720
     91.10E-3	      2.720
     91.20E-3	      2.720
     91.30E-3	      2.720
     91.40E-3	      2.640
     91.50E-3	      2.640
     91.60E-3	      2.640
     91.70E-3	      2.640
     91.80E-3	      2.560
     91.90E-3	      2.640
     92.00E-3	      2.560
     92.10E-3	      2.640
     92.20E-3	      2.560
     92.30E-3	      2.560
     92.40E-3	      2.560
     92.50E-3	      2.560
     92.60E-3	      2.480
     92.70E-3	      2.560
     92.80E-3	      2.480
     92.90E-3	      2.480
     93.00E-3	      2.480
     93.10E-3	      2.480
     93.20E-3	      2.480
     93.30E-3	      2.400
     93.40E-3	      2.400
     93.50E-3	      2.400
     93.60E-3	      2.400
     93.70E-3	      2.400
     93.80E-3	      2.400
     93.90E-3	      2.400
     94.00E-3	      2.400
     94.10E-3	      2.320
     94.20E-3	      2.320
     94.30E-3	      2.320
     94.40E-3	      2.400
     94.50E-3	      2.240
     94.60E-3	      2.320
     94.70E-3	      2.240
     94.80E-3	      2.320
     94.90E-3	      2.240
     95.00E-3	      2.240
     95.10E-3	      2.240
     95.20E-3	      2.240
     95.30E-3	      2.240
     95.40E-3	      2.240
     95.50E-3	      2.160
     95.60E-3	      2.240
     95.70E-3	      2.160
     95.80E-3	      2.160
     95.90E-3	      2.160
     96.00E-3	      2.160
     96.10E-3	      2.080
     96.20E-3	      2.080
     96.30E-3	      2.160
     96.40E-3	      2.080
     96.50E-3	      2.080
     96.60E-3	      2.080
     96.70E-3	      2.000
     96.80E-3	      2.000
     96.90E-3	      2.000
     97.00E-3	      2.000
     97.10E-3	      2.000
     97.20E-3	      2.000
     97.30E-3	      2.000
     97.40E-3	      2.000
     97.50E-3	      1.920
     97.60E-3	      1.920
     97.70E-3	      1.920
     97.80E-3	      1.840
     97.90E-3	      1.840
     98.00E-3	      1.920
     98.10E-3	      1.920
     98.20E-3	      1.840
     98.30E-3	      1.840
     98.40E-3	      1.840
     98.50E-3	      1.840
     98.60E-3	      1.840
     98.70E-3	      1.760
     98.80E-3	      1.840
     98.90E-3	      1.760
     99.00E-3	      1.760
     99.10E-3	      1.760
     99.20E-3	      1.760
     99.30E-3	      1.760
     99.40E-3	      1.760
     99.50E-3	      1.760
     99.60E-3	      1.680
     99.70E-3	      1.680
     99.80E-3	      1.760
     99.90E-3	      1.600
     100.0E-3	      1.680
     100.1E-3	      1.600
     100.2E-3	      1.600
     100.3E-3	      1.600
     100.4E-3	      1.600
     100.5E-3	      1.600
     100.6E-3	      1.520
     100.7E-3	      1.520
     100.8E-3	      1.600
     100.9E-3	      1.520
     101.0E-3	      1.520
     101.1E-3	      1.520
     101.2E-3	      1.520
     101.3E-3	      1.520
     101.4E-3	      1.520
     101.5E-3	      1.520
     101.6E-3	      1.520
     101.7E-3	      1.440
     101.8E-3	      1.440
     101.9E-3	      1.440
     102.0E-3	      1.360
     102.1E-3	      1.440
     102.2E-3	      1.360
     102.3E-3	      1.360
     102.4E-3	      1.360
     102.5E-3	      1.360
     102.6E-3	      1.360
     102.7E-3	      1.280
     102.8E-3	      1.280
     102.9E-3	      1.280
     103.0E-3	      1.280
     103.1E-3	      1.280
     103.2E-3	      1.280
     103.3E-3	      1.280
     103.4E-3	      1.280
     103.5E-3	      1.280
     103.6E-3	      1.200
     103.7E-3	      1.200
     103.8E-3	      1.200
     103.9E-3	      1.200
     104.0E-3	      1.200
     104.1E-3	      1.120
     104.2E-3	      1.200
     104.3E-3	      1.200
     104.4E-3	      1.120
     104.5E-3	      1.120
     104.6E-3	      1.120
     104.7E-3	      1.120
     104.8E-3	      1.040
     104.9E-3	      1.120
     105.0E-3	      1.040
     105.1E-3	      1.040
     105.2E-3	      1.040
     105.3E-3	      1.040
     105.4E-3	      1.040
     105.5E-3	      1.040
     105.6E-3	      960.0E-3
     105.7E-3	      1.040
     105.8E-3	      960.0E-3
     105.9E-3	      880.0E-3
     106.0E-3	      960.0E-3
     106.1E-3	      880.0E-3
     106.2E-3	      880.0E-3
     106.3E-3	      880.0E-3
     106.4E-3	      880.0E-3
     106.5E-3	      880.0E-3
     106.6E-3	      880.0E-3
     106.7E-3	      800.0E-3
     106.8E-3	      800.0E-3
     106.9E-3	      800.0E-3
     107.0E-3	      800.0E-3
     107.1E-3	      800.0E-3
     107.2E-3	      800.0E-3
     107.3E-3	      800.0E-3
     107.4E-3	      800.0E-3
     107.5E-3	      720.0E-3
     107.6E-3	      720.0E-3
     107.7E-3	      720.0E-3
     107.8E-3	      720.0E-3
     107.9E-3	      720.0E-3
     108.0E-3	      720.0E-3
     108.1E-3	      640.0E-3
     108.2E-3	      640.0E-3
     108.3E-3	      720.0E-3
     108.4E-3	      720.0E-3
     108.5E-3	      640.0E-3
     108.6E-3	      640.0E-3
     108.7E-3	      560.0E-3
     108.8E-3	      560.0E-3
     108.9E-3	      560.0E-3
     109.0E-3	      560.0E-3
     109.1E-3	      560.0E-3
     109.2E-3	      560.0E-3
     109.3E-3	      560.0E-3
     109.4E-3	      560.0E-3
     109.5E-3	      480.0E-3
     109.6E-3	      480.0E-3
     109.7E-3	      560.0E-3
     109.8E-3	      480.0E-3
     109.9E-3	      480.0E-3
     110.0E-3	      480.0E-3
     110.1E-3	      480.0E-3
     110.2E-3	      400.0E-3
     110.3E-3	      400.0E-3
     110.4E-3	      400.0E-3
     110.5E-3	      320.0E-3
     110.6E-3	      320.0E-3
     110.7E-3	      320.0E-3
     110.8E-3	      320.0E-3
     110.9E-3	      320.0E-3
     111.0E-3	      320.0E-3
     111.1E-3	      400.0E-3
     111.2E-3	      320.0E-3
     111.3E-3	      320.0E-3
     111.4E-3	      320.0E-3
     111.5E-3	      320.0E-3
     111.6E-3	      320.0E-3
     111.7E-3	      320.0E-3
     111.8E-3	      240.0E-3
     111.9E-3	      240.0E-3
     112.0E-3	      240.0E-3
     112.1E-3	      240.0E-3
     112.2E-3	      160.0E-3
     112.3E-3	      160.0E-3
     112.4E-3	      160.0E-3
     112.5E-3	      160.0E-3
     112.6E-3	      80.00E-3
     112.7E-3	      160.0E-3
     112.8E-3	      80.00E-3
     112.9E-3	      80.00E-3
     113.0E-3	      80.00E-3
     113.1E-3	      80.00E-3
     113.2E-3	      80.00E-3
     113.3E-3	      80.00E-3
     113.4E-3	      80.00E-3
     113.5E-3	     0.0000
     113.6E-3	     0.0000
     113.7E-3	      80.00E-3
     113.8E-3	     0.0000
     113.9E-3	     0.0000
     114.0E-3	      80.00E-3
     114.1E-3	      80.00E-3
     114.2E-3	      80.00E-3
     114.3E-3	      80.00E-3
     114.4E-3	      80.00E-3
     114.5E-3	      80.00E-3
     114.6E-3	      80.00E-3
     114.7E-3	      160.0E-3
     114.8E-3	      160.0E-3
     114.9E-3	      160.0E-3
     115.0E-3	      160.0E-3
     115.1E-3	      160.0E-3
     115.2E-3	      160.0E-3
     115.3E-3	      240.0E-3
     115.4E-3	      160.0E-3
     115.5E-3	      240.0E-3
     115.6E-3	      240.0E-3
     115.7E-3	      240.0E-3
     115.8E-3	      240.0E-3
     115.9E-3	      320.0E-3
     116.0E-3	      320.0E-3
     116.1E-3	      240.0E-3
     116.2E-3	      320.0E-3
     116.3E-3	      320.0E-3
     116.4E-3	      320.0E-3
     116.5E-3	      320.0E-3
     116.6E-3	      320.0E-3
     116.7E-3	      400.0E-3
     116.8E-3	      400.0E-3
     116.9E-3	      400.0E-3
     117.0E-3	      400.0E-3
     117.1E-3	      400.0E-3
     117.2E-3	      480.0E-3
     117.3E-3	      400.0E-3
     117.4E-3	      480.0E-3
     117.5E-3	      480.0E-3
     117.6E-3	      480.0E-3
     117.7E-3	      480.0E-3
     117.8E-3	      480.0E-3
     117.9E-3	      560.0E-3
     118.0E-3	      480.0E-3
     118.1E-3	      560.0E-3
     118.2E-3	      560.0E-3
     118.3E-3	      560.0E-3
     118.4E-3	      560.0E-3
     118.5E-3	      560.0E-3
     118.6E-3	      640.0E-3
     118.7E-3	      560.0E-3
     118.8E-3	      640.0E-3
     118.9E-3	      640.0E-3
     119.0E-3	      640.0E-3
     119.1E-3	      640.0E-3
     119.2E-3	      640.0E-3
     119.3E-3	      720.0E-3
     119.4E-3	      720.0E-3
     119.5E-3	      720.0E-3
     119.6E-3	      720.0E-3
     119.7E-3	      720.0E-3
     119.8E-3	      720.0E-3
     119.9E-3	      720.0E-3
     120.0E-3	      800.0E-3
     120.1E-3	      800.0E-3
     120.2E-3	      800.0E-3
     120.3E-3	      800.0E-3
     120.4E-3	      880.0E-3
     120.5E-3	      800.0E-3
     120.6E-3	      880.0E-3
     120.7E-3	      880.0E-3
     120.8E-3	      880.0E-3
     120.9E-3	      880.0E-3
     121.0E-3	      960.0E-3
     121.1E-3	      960.0E-3
     121.2E-3	      960.0E-3
     121.3E-3	      960.0E-3
     121.4E-3	      960.0E-3
     121.5E-3	      960.0E-3
     121.6E-3	      960.0E-3
     121.7E-3	      1.040
     121.8E-3	      1.040
     121.9E-3	      1.040
     122.0E-3	      960.0E-3
     122.1E-3	      1.040
     122.2E-3	      1.040
     122.3E-3	      1.040
     122.4E-3	      1.040
     122.5E-3	      1.120
     122.6E-3	      1.040
     122.7E-3	      1.120
     122.8E-3	      1.120
     122.9E-3	      1.120
     123.0E-3	      1.120
     123.1E-3	      1.120
     123.2E-3	      1.200
     123.3E-3	      1.120
     123.4E-3	      1.200
     123.5E-3	      1.200
     123.6E-3	      1.200
     123.7E-3	      1.200
     123.8E-3	      1.280
     123.9E-3	      1.280
     124.0E-3	      1.200
     124.1E-3	      1.280
     124.2E-3	      1.280
     124.3E-3	      1.280
     124.4E-3	      1.280
     124.5E-3	      1.280
     124.6E-3	      1.280
     124.7E-3	      1.280
     124.8E-3	      1.280
     124.9E-3	      1.360
     125.0E-3	      1.360
     125.1E-3	      1.440
     125.2E-3	      1.440
     125.3E-3	      1.440
     125.4E-3	      1.360
     125.5E-3	      1.440
     125.6E-3	      1.440
     125.7E-3	      1.440
     125.8E-3	      1.440
     125.9E-3	      1.440
     126.0E-3	      1.520
     126.1E-3	      1.520
     126.2E-3	      1.440
     126.3E-3	      1.520
     126.4E-3	      1.600
     126.5E-3	      1.520
     126.6E-3	      1.600
     126.7E-3	      1.520
     126.8E-3	      1.600
     126.9E-3	      1.600
     127.0E-3	      1.600
     127.1E-3	      1.600
     127.2E-3	      1.600
     127.3E-3	      1.600
     127.4E-3	      1.680
     127.5E-3	      1.600
     127.6E-3	      1.680
     127.7E-3	      1.680
     127.8E-3	      1.680
     127.9E-3	      1.760
     128.0E-3	      1.760
     128.1E-3	      1.760
     128.2E-3	      1.680
     128.3E-3	      1.760
     128.4E-3	      1.760
     128.5E-3	      1.760
     128.6E-3	      1.760
     128.7E-3	      1.840
     128.8E-3	      1.760
     128.9E-3	      1.840
     129.0E-3	      1.840
     129.1E-3	      1.840
     129.2E-3	      1.840
     129.3E-3	      1.920
     129.4E-3	      1.920
     129.5E-3	      1.920
     129.6E-3	      1.920
     129.7E-3	      1.920
     129.8E-3	      2.000
     129.9E-3	      1.920
     130.0E-3	      2.000
     130.1E-3	      2.000
     130.2E-3	      2.000
     130.3E-3	      2.000
     130.4E-3	      2.000
     130.5E-3	      2.000
     130.6E-3	      2.000
     130.7E-3	      2.000
     130.8E-3	      2.080
     130.9E-3	      2.080
     131.0E-3	      2.080
     131.1E-3	      2.080
     131.2E-3	      2.080
     131.3E-3	      2.160
     131.4E-3	      2.160
     131.5E-3	      2.160
     131.6E-3	      2.160
     131.7E-3	      2.160
     131.8E-3	      2.240
     131.9E-3	      2.160
     132.0E-3	      2.160
     132.1E-3	      2.240
     132.2E-3	      2.240
     132.3E-3	      2.240
     132.4E-3	      2.240
     132.5E-3	      2.240
     132.6E-3	      2.320
     132.7E-3	      2.240
     132.8E-3	      2.320
     132.9E-3	      2.320
     133.0E-3	      2.320
     133.1E-3	      2.320
     133.2E-3	      2.320
     133.3E-3	      2.320
     133.4E-3	      2.320
     133.5E-3	      2.320
     133.6E-3	      2.400
     133.7E-3	      2.400
     133.8E-3	      2.400
     133.9E-3	      2.480
     134.0E-3	      2.400
     134.1E-3	      2.480
     134.2E-3	      2.480
     134.3E-3	      2.480
     134.4E-3	      2.480
     134.5E-3	      2.560
     134.6E-3	      2.480
     134.7E-3	      2.480
     134.8E-3	      2.480
     134.9E-3	      2.560
     135.0E-3	      2.560
     135.1E-3	      2.560
     135.2E-3	      2.560
     135.3E-3	      2.560
     135.4E-3	      2.640
     135.5E-3	      2.560
     135.6E-3	      2.640
     135.7E-3	      2.640
     135.8E-3	      2.640
     135.9E-3	      2.640
     136.0E-3	      2.720
     136.1E-3	      2.640
     136.2E-3	      2.720
     136.3E-3	      2.720
     136.4E-3	      2.720
     136.5E-3	      2.720
     136.6E-3	      2.720
     136.7E-3	      2.720
     136.8E-3	      2.800
     136.9E-3	      2.720
     137.0E-3	      2.800
     137.1E-3	      2.800
     137.2E-3	      2.800
     137.3E-3	      2.880
     137.4E-3	      2.880
     137.5E-3	      2.880
     137.6E-3	      2.880
     137.7E-3	      2.880
     137.8E-3	      2.880
     137.9E-3	      2.880
     138.0E-3	      2.960
     138.1E-3	      2.960
     138.2E-3	      2.960
     138.3E-3	      2.960
     138.4E-3	      2.960
     138.5E-3	      2.960
     138.6E-3	      2.960
     138.7E-3	      2.960
     138.8E-3	      2.960
     138.9E-3	      3.040
     139.0E-3	      3.040
     139.1E-3	      3.040
     139.2E-3	      3.120
     139.3E-3	      3.040
     139.4E-3	      3.120
     139.5E-3	      3.040
     139.6E-3	      3.120
     139.7E-3	      3.120
     139.8E-3	      3.120
     139.9E-3	      3.120
     140.0E-3	      3.200
     140.1E-3	      3.200
     140.2E-3	      3.120
     140.3E-3	      3.200
     140.4E-3	      3.200
     140.5E-3	      3.200
     140.6E-3	      3.200
     140.7E-3	      3.200
     140.8E-3	      3.280
     140.9E-3	      3.200
     141.0E-3	      3.280
     141.1E-3	      3.280
     141.2E-3	      3.280
     141.3E-3	      3.280
     141.4E-3	      3.360
     141.5E-3	      3.280
     141.6E-3	      3.280
     141.7E-3	      3.280
     141.8E-3	      3.360
     141.9E-3	      3.360
     142.0E-3	      3.360
     142.1E-3	      3.440
     142.2E-3	      3.440
     142.3E-3	      3.440
     142.4E-3	      3.440
     142.5E-3	      3.440
     142.6E-3	      3.440
     142.7E-3	      3.440
     142.8E-3	      3.440
     142.9E-3	      3.520
     143.0E-3	      3.440
     143.1E-3	      3.520
     143.2E-3	      3.520
     143.3E-3	      3.600
     143.4E-3	      3.600
     143.5E-3	      3.520
     143.6E-3	      3.520
     143.7E-3	      3.600
     143.8E-3	      3.600
     143.9E-3	      3.600
     144.0E-3	      3.680
     144.1E-3	      3.680
     144.2E-3	      3.680
     144.3E-3	      3.680
     144.4E-3	      3.680
     144.5E-3	      3.680
     144.6E-3	      3.680
     144.7E-3	      3.760
     144.8E-3	      3.760
     144.9E-3	      3.760
     145.0E-3	      3.680
     145.1E-3	      3.760
     145.2E-3	      3.760
     145.3E-3	      3.760
     145.4E-3	      3.760
     145.5E-3	      3.840
     145.6E-3	      3.840
     145.7E-3	      3.840
     145.8E-3	      3.840
     145.9E-3	      3.920
     146.0E-3	      3.840
     146.1E-3	      3.840
     146.2E-3	      3.840
     146.3E-3	      3.920
     146.4E-3	      3.920
     146.5E-3	      3.920
     146.6E-3	      3.920
     146.7E-3	      3.920
     146.8E-3	      4.000
     146.9E-3	      4.000
     147.0E-3	      4.000
     147.1E-3	      4.000
     147.2E-3	      4.000
     147.3E-3	      4.000
     147.4E-3	      4.080
     147.5E-3	      4.000
     147.6E-3	      4.080
     147.7E-3	      4.080
     147.8E-3	      4.080
     147.9E-3	      4.080
     148.0E-3	      4.160
     148.1E-3	      4.160
     148.2E-3	      4.160
     148.3E-3	      4.160
     148.4E-3	      4.160
     148.5E-3	      4.160
     148.6E-3	      4.160
     148.7E-3	      4.160
     148.8E-3	      4.160
     148.9E-3	      4.240
     149.0E-3	      4.240
     149.1E-3	      4.240
     149.2E-3	      4.240
     149.3E-3	      4.320
     149.4E-3	      4.240
     149.5E-3	      4.320
     149.6E-3	      4.320
     149.7E-3	      4.320
     149.8E-3	      4.320
     149.9E-3	      4.320
     150.0E-3	      4.320
     150.1E-3	      4.400
     150.2E-3	      4.400
     150.3E-3	      4.400
     150.4E-3	      4.400
     150.5E-3	      4.400
     150.6E-3	      4.400
     150.7E-3	      4.400
     150.8E-3	      4.400
     150.9E-3	      4.480
     151.0E-3	      4.480
     151.1E-3	      4.480
     151.2E-3	      4.480
     151.3E-3	      4.560
     151.4E-3	      4.480
     151.5E-3	      4.560
     151.6E-3	      4.560
     151.7E-3	      4.560
     151.8E-3	      4.560
     151.9E-3	      4.560
     152.0E-3	      4.560
     152.1E-3	      4.640
     152.2E-3	      4.640
     152.3E-3	      4.640
     152.4E-3	      4.640
     152.5E-3	      4.640
     152.6E-3	      4.720
     152.7E-3	      4.640
     152.8E-3	      4.720
     152.9E-3	      4.720
     153.0E-3	      4.720
     153.1E-3	      4.720
     153.2E-3	      4.800
     153.3E-3	      4.800
     153.4E-3	      4.720
     153.5E-3	      4.800
     153.6E-3	      4.720
     153.7E-3	      4.800
     153.8E-3	      4.800
     153.9E-3	      4.800
     154.0E-3	      4.880
     154.1E-3	      4.880
     154.2E-3	      4.880
     154.3E-3	      4.880
     154.4E-3	      4.880
     154.5E-3	      4.880
     154.6E-3	      4.880
     154.7E-3	      4.880
     154.8E-3	      4.960
     154.9E-3	      4.960
     155.0E-3	      4.960
     155.1E-3	      4.960
     155.2E-3	      4.960
     155.3E-3	      4.960
     155.4E-3	      5.040
     155.5E-3	      4.960
     155.6E-3	      4.960
     155.7E-3	      5.120
     155.8E-3	      5.040
     155.9E-3	      5.040
     156.0E-3	      5.040
     156.1E-3	      5.120
     156.2E-3	      5.120
     156.3E-3	      5.120
     156.4E-3	      5.120
     156.5E-3	      5.120
     156.6E-3	      5.120
     156.7E-3	      5.120
     156.8E-3	      5.120
     156.9E-3	      5.120
     157.0E-3	      5.120
     157.1E-3	      5.120
     157.2E-3	      5.040
     157.3E-3	      5.120
     157.4E-3	      5.120
     157.5E-3	      5.120
     157.6E-3	      5.040
     157.7E-3	      5.040
     157.8E-3	      5.040
     157.9E-3	      4.960
     158.0E-3	      4.960
     158.1E-3	      4.960
     158.2E-3	      4.960
     158.3E-3	      4.960
     158.4E-3	      4.960
     158.5E-3	      4.880
     158.6E-3	      4.960
     158.7E-3	      4.880
     158.8E-3	      4.880
     158.9E-3	      4.880
     159.0E-3	      4.880
     159.1E-3	      4.880
     159.2E-3	      4.880
     159.3E-3	      4.880
     159.4E-3	      4.880
     159.5E-3	      4.880
     159.6E-3	      4.800
     159.7E-3	      4.880
     159.8E-3	      4.800
     159.9E-3	      4.800
     160.0E-3	      4.800
     160.1E-3	      4.800
     160.2E-3	      4.800
     160.3E-3	      4.720
     160.4E-3	      4.720
     160.5E-3	      4.720
     160.6E-3	      4.720
     160.7E-3	      4.720
     160.8E-3	      4.640
     160.9E-3	      4.640
     161.0E-3	      4.640
     161.1E-3	      4.640
     161.2E-3	      4.640
     161.3E-3	      4.640
     161.4E-3	      4.560
     161.5E-3	      4.560
     161.6E-3	      4.560
     161.7E-3	      4.560
     161.8E-3	      4.560
     161.9E-3	      4.560
     162.0E-3	      4.560
     162.1E-3	      4.400
     162.2E-3	      4.480
     162.3E-3	      4.480
     162.4E-3	      4.480
     162.5E-3	      4.480
     162.6E-3	      4.480
     162.7E-3	      4.400
     162.8E-3	      4.400
     162.9E-3	      4.400
     163.0E-3	      4.400
     163.1E-3	      4.400
     163.2E-3	      4.400
     163.3E-3	      4.400
     163.4E-3	      4.400
     163.5E-3	      4.400
     163.6E-3	      4.320
     163.7E-3	      4.320
     163.8E-3	      4.320
     163.9E-3	      4.320
     164.0E-3	      4.320
     164.1E-3	      4.240
     164.2E-3	      4.240
     164.3E-3	      4.240
     164.4E-3	      4.240
     164.5E-3	      4.240
     164.6E-3	      4.160
     164.7E-3	      4.240
     164.8E-3	      4.160
     164.9E-3	      4.160
     165.0E-3	      4.160
     165.1E-3	      4.160
     165.2E-3	      4.160
     165.3E-3	      4.160
     165.4E-3	      4.160
     165.5E-3	      4.160
     165.6E-3	      4.080
     165.7E-3	      4.080
     165.8E-3	      4.080
     165.9E-3	      4.080
     166.0E-3	      4.080
     166.1E-3	      4.000
     166.2E-3	      4.080
     166.3E-3	      3.920
     166.4E-3	      4.000
     166.5E-3	      3.920
     166.6E-3	      4.000
     166.7E-3	      3.920
     166.8E-3	      4.000
     166.9E-3	      3.920
     167.0E-3	      3.920
     167.1E-3	      3.920
     167.2E-3	      3.920
     167.3E-3	      3.840
     167.4E-3	      3.920
     167.5E-3	      3.840
     167.6E-3	      3.840
     167.7E-3	      3.840
     167.8E-3	      3.760
     167.9E-3	      3.840
     168.0E-3	      3.760
     168.1E-3	      3.840
     168.2E-3	      3.760
     168.3E-3	      3.760
     168.4E-3	      3.760
     168.5E-3	      3.760
     168.6E-3	      3.760
     168.7E-3	      3.760
     168.8E-3	      3.680
     168.9E-3	      3.680
     169.0E-3	      3.680
     169.1E-3	      3.680
     169.2E-3	      3.680
     169.3E-3	      3.680
     169.4E-3	      3.680
     169.5E-3	      3.600
     169.6E-3	      3.600
     169.7E-3	      3.600
     169.8E-3	      3.600
     169.9E-3	      3.600
     170.0E-3	      3.600
     170.1E-3	      3.520
     170.2E-3	      3.520
     170.3E-3	      3.520
     170.4E-3	      3.520
     170.5E-3	      3.520
     170.6E-3	      3.520
     170.7E-3	      3.520
     170.8E-3	      3.440
     170.9E-3	      3.440
     171.0E-3	      3.440
     171.1E-3	      3.440
     171.2E-3	      3.440
     171.3E-3	      3.440
     171.4E-3	      3.440
     171.5E-3	      3.360
     171.6E-3	      3.360
     171.7E-3	      3.360
     171.8E-3	      3.360
     171.9E-3	      3.360
     172.0E-3	      3.360
     172.1E-3	      3.360
     172.2E-3	      3.280
     172.3E-3	      3.360
     172.4E-3	      3.280
     172.5E-3	      3.280
     172.6E-3	      3.280
     172.7E-3	      3.200
     172.8E-3	      3.280
     172.9E-3	      3.120
     173.0E-3	      3.200
     173.1E-3	      3.200
     173.2E-3	      3.120
     173.3E-3	      3.200
     173.4E-3	      3.120
     173.5E-3	      3.120
     173.6E-3	      3.120
     173.7E-3	      3.120
     173.8E-3	      3.120
     173.9E-3	      3.120
     174.0E-3	      3.040
     174.1E-3	      3.040
     174.2E-3	      3.040
     174.3E-3	      3.040
     174.4E-3	      3.040
     174.5E-3	      3.040
     174.6E-3	      3.040
     174.7E-3	      2.960
     174.8E-3	      2.960
     174.9E-3	      2.960
     175.0E-3	      2.960
     175.1E-3	      2.960
     175.2E-3	      2.960
     175.3E-3	      2.960
     175.4E-3	      2.880
     175.5E-3	      2.880
     175.6E-3	      2.960
     175.7E-3	      2.880
     175.8E-3	      2.880
     175.9E-3	      2.800
     176.0E-3	      2.880
     176.1E-3	      2.880
     176.2E-3	      2.800
     176.3E-3	      2.800
     176.4E-3	      2.800
     176.5E-3	      2.800
     176.6E-3	      2.800
     176.7E-3	      2.720
     176.8E-3	      2.720
     176.9E-3	      2.720
     177.0E-3	      2.720
     177.1E-3	      2.720
     177.2E-3	      2.640
     177.3E-3	      2.720
     177.4E-3	      2.640
     177.5E-3	      2.720
     177.6E-3	      2.640
     177.7E-3	      2.640
     177.8E-3	      2.640
     177.9E-3	      2.640
     178.0E-3	      2.640
     178.1E-3	      2.640
     178.2E-3	      2.560
     178.3E-3	      2.560
     178.4E-3	      2.560
     178.5E-3	      2.560
     178.6E-3	      2.560
     178.7E-3	      2.480
     178.8E-3	      2.480
     178.9E-3	      2.480
     179.0E-3	      2.480
     179.1E-3	      2.480
     179.2E-3	      2.480
     179.3E-3	      2.480
     179.4E-3	      2.480
     179.5E-3	      2.400
     179.6E-3	      2.400
     179.7E-3	      2.400
     179.8E-3	      2.400
     179.9E-3	      2.400
     180.0E-3	      2.400
     180.1E-3	      2.400
     180.2E-3	      2.320
     180.3E-3	      2.320
     180.4E-3	      2.320
     180.5E-3	      2.320
     180.6E-3	      2.320
     180.7E-3	      2.240
     180.8E-3	      2.240
     180.9E-3	      2.240
     181.0E-3	      2.240
     181.1E-3	      2.240
     181.2E-3	      2.240
     181.3E-3	      2.240
     181.4E-3	      2.240
     181.5E-3	      2.240
     181.6E-3	      2.160
     181.7E-3	      2.160
     181.8E-3	      2.160
     181.9E-3	      2.160
     182.0E-3	      2.160
     182.1E-3	      2.080
     182.2E-3	      2.080
     182.3E-3	      2.080
     182.4E-3	      2.080
     182.5E-3	      2.080
     182.6E-3	      2.000
     182.7E-3	      2.080
     182.8E-3	      2.000
     182.9E-3	      2.000
     183.0E-3	      2.000
     183.1E-3	      2.000
     183.2E-3	      2.000
     183.3E-3	      2.000
     183.4E-3	      2.000
     183.5E-3	      1.920
     183.6E-3	      2.000
     183.7E-3	      1.920
     183.8E-3	      1.840
     183.9E-3	      1.920
     184.0E-3	      1.920
     184.1E-3	      1.920
     184.2E-3	      1.840
     184.3E-3	      1.840
     184.4E-3	      1.840
     184.5E-3	      1.840
     184.6E-3	      1.840
     184.7E-3	      1.760
     184.8E-3	      1.760
     184.9E-3	      1.840
     185.0E-3	      1.760
     185.1E-3	      1.760
     185.2E-3	      1.760
     185.3E-3	      1.760
     185.4E-3	      1.760
     185.5E-3	      1.680
     185.6E-3	      1.680
     185.7E-3	      1.680
     185.8E-3	      1.680
     185.9E-3	      1.680
     186.0E-3	      1.680
     186.1E-3	      1.600
     186.2E-3	      1.600
     186.3E-3	      1.600
     186.4E-3	      1.600
     186.5E-3	      1.600
     186.6E-3	      1.600
     186.7E-3	      1.520
     186.8E-3	      1.520
     186.9E-3	      1.520
     187.0E-3	      1.520
     187.1E-3	      1.520
     187.2E-3	      1.520
     187.3E-3	      1.520
     187.4E-3	      1.520
     187.5E-3	      1.440
     187.6E-3	      1.520
     187.7E-3	      1.440
     187.8E-3	      1.440
     187.9E-3	      1.440
     188.0E-3	      1.360
     188.1E-3	      1.440
     188.2E-3	      1.360
     188.3E-3	      1.360
     188.4E-3	      1.360
     188.5E-3	      1.360
     188.6E-3	      1.360
     188.7E-3	      1.360
     188.8E-3	      1.280
     188.9E-3	      1.280
     189.0E-3	      1.280
     189.1E-3	      1.360
     189.2E-3	      1.200
     189.3E-3	      1.280
     189.4E-3	      1.280
     189.5E-3	      1.200
     189.6E-3	      1.280
     189.7E-3	      1.200
     189.8E-3	      1.200
     189.9E-3	      1.200
     190.0E-3	      1.200
     190.1E-3	      1.200
     190.2E-3	      1.120
     190.3E-3	      1.120
     190.4E-3	      1.120
     190.5E-3	      1.120
     190.6E-3	      1.120
     190.7E-3	      1.120
     190.8E-3	      1.120
     190.9E-3	      1.040
     191.0E-3	      1.040
     191.1E-3	      1.040
     191.2E-3	      1.040
     191.3E-3	      1.040
     191.4E-3	      1.040
     191.5E-3	      1.040
     191.6E-3	      1.040
     191.7E-3	      960.0E-3
     191.8E-3	      960.0E-3
     191.9E-3	      960.0E-3
     192.0E-3	      960.0E-3
     192.1E-3	      880.0E-3
     192.2E-3	      960.0E-3
     192.3E-3	      880.0E-3
     192.4E-3	      880.0E-3
     192.5E-3	      880.0E-3
     192.6E-3	      880.0E-3
     192.7E-3	      880.0E-3
     192.8E-3	      880.0E-3
     192.9E-3	      800.0E-3
     193.0E-3	      800.0E-3
     193.1E-3	      800.0E-3
     193.2E-3	      800.0E-3
     193.3E-3	      800.0E-3
     193.4E-3	      800.0E-3
     193.5E-3	      720.0E-3
     193.6E-3	      720.0E-3
     193.7E-3	      720.0E-3
     193.8E-3	      720.0E-3
     193.9E-3	      720.0E-3
     194.0E-3	      640.0E-3
     194.1E-3	      640.0E-3
     194.2E-3	      640.0E-3
     194.3E-3	      640.0E-3
     194.4E-3	      640.0E-3
     194.5E-3	      640.0E-3
     194.6E-3	      560.0E-3
     194.7E-3	      560.0E-3
     194.8E-3	      640.0E-3
     194.9E-3	      560.0E-3
     195.0E-3	      640.0E-3
     195.1E-3	      560.0E-3
     195.2E-3	      560.0E-3
     195.3E-3	      560.0E-3
     195.4E-3	      560.0E-3
     195.5E-3	      560.0E-3
     195.6E-3	      480.0E-3
     195.7E-3	      480.0E-3
     195.8E-3	      480.0E-3
     195.9E-3	      480.0E-3
     196.0E-3	      480.0E-3
     196.1E-3	      480.0E-3
     196.2E-3	      400.0E-3
     196.3E-3	      400.0E-3
     196.4E-3	      400.0E-3
     196.5E-3	      400.0E-3
     196.6E-3	      400.0E-3
     196.7E-3	      400.0E-3
     196.8E-3	      320.0E-3
     196.9E-3	      320.0E-3
     197.0E-3	      320.0E-3
     197.1E-3	      320.0E-3
     197.2E-3	      320.0E-3
     197.3E-3	      320.0E-3
     197.4E-3	      320.0E-3
     197.5E-3	      320.0E-3
     197.6E-3	      240.0E-3
     197.7E-3	      240.0E-3
     197.8E-3	      240.0E-3
     197.9E-3	      240.0E-3
     198.0E-3	      240.0E-3
     198.1E-3	      240.0E-3
     198.2E-3	      160.0E-3
     198.3E-3	      240.0E-3
     198.4E-3	      160.0E-3
     198.5E-3	      160.0E-3
     198.6E-3	      160.0E-3
     198.7E-3	      80.00E-3
     198.8E-3	      80.00E-3
     198.9E-3	      80.00E-3
     199.0E-3	      80.00E-3
     199.1E-3	      80.00E-3
     199.2E-3	      80.00E-3
     199.3E-3	      80.00E-3
     199.4E-3	     0.0000
     199.5E-3	      80.00E-3
     199.6E-3	      80.00E-3
     199.7E-3	     0.0000
     199.8E-3	     0.0000
     199.9E-3	      80.00E-3
     200.0E-3	      80.00E-3
     200.1E-3	      80.00E-3
     200.2E-3	      80.00E-3
     200.3E-3	      80.00E-3
     200.4E-3	      80.00E-3
     200.5E-3	      80.00E-3
     200.6E-3	      80.00E-3
     200.7E-3	      80.00E-3
     200.8E-3	      160.0E-3
     200.9E-3	      80.00E-3
     201.0E-3	      160.0E-3
     201.1E-3	      160.0E-3
     201.2E-3	      240.0E-3
     201.3E-3	      160.0E-3
     201.4E-3	      240.0E-3
     201.5E-3	      160.0E-3
     201.6E-3	      240.0E-3
     201.7E-3	      240.0E-3
     201.8E-3	      240.0E-3
     201.9E-3	      240.0E-3
     202.0E-3	      320.0E-3
     202.1E-3	      320.0E-3
     202.2E-3	      320.0E-3
     202.3E-3	      320.0E-3
     202.4E-3	      320.0E-3
     202.5E-3	      320.0E-3
     202.6E-3	      320.0E-3
     202.7E-3	      320.0E-3
     202.8E-3	      400.0E-3
     202.9E-3	      320.0E-3
     203.0E-3	      400.0E-3
     203.1E-3	      400.0E-3
     203.2E-3	      400.0E-3
     203.3E-3	      480.0E-3
     203.4E-3	      480.0E-3
     203.5E-3	      400.0E-3
     203.6E-3	      480.0E-3
     203.7E-3	      480.0E-3
     203.8E-3	      480.0E-3
     203.9E-3	      560.0E-3
     204.0E-3	      480.0E-3
     204.1E-3	      560.0E-3
     204.2E-3	      480.0E-3
     204.3E-3	      560.0E-3
     204.4E-3	      560.0E-3
     204.5E-3	      560.0E-3
     204.6E-3	      560.0E-3
     204.7E-3	      640.0E-3
     204.8E-3	      640.0E-3
     204.9E-3	      640.0E-3
     205.0E-3	      560.0E-3
     205.1E-3	      640.0E-3
     205.2E-3	      640.0E-3
     205.3E-3	      720.0E-3
     205.4E-3	      640.0E-3
     205.5E-3	      720.0E-3
     205.6E-3	      720.0E-3
     205.7E-3	      720.0E-3
     205.8E-3	      720.0E-3
     205.9E-3	      720.0E-3
     206.0E-3	      720.0E-3
     206.1E-3	      800.0E-3
     206.2E-3	      800.0E-3
     206.3E-3	      800.0E-3
     206.4E-3	      800.0E-3
     206.5E-3	      800.0E-3
     206.6E-3	      800.0E-3
     206.7E-3	      800.0E-3
     206.8E-3	      880.0E-3
     206.9E-3	      880.0E-3
     207.0E-3	      880.0E-3
     207.1E-3	      880.0E-3
     207.2E-3	      880.0E-3
     207.3E-3	      880.0E-3
     207.4E-3	      880.0E-3
     207.5E-3	      960.0E-3
     207.6E-3	      960.0E-3
     207.7E-3	      960.0E-3
     207.8E-3	      960.0E-3
     207.9E-3	      960.0E-3
     208.0E-3	      1.040
     208.1E-3	      1.040
     208.2E-3	      1.040
     208.3E-3	      1.040
     208.4E-3	      1.040
     208.5E-3	      1.040
     208.6E-3	      1.120
     208.7E-3	      1.040
     208.8E-3	      1.120
     208.9E-3	      1.040
     209.0E-3	      1.120
     209.1E-3	      1.120
     209.2E-3	      1.120
     209.3E-3	      1.200
     209.4E-3	      1.120
     209.5E-3	      1.200
     209.6E-3	      1.200
     209.7E-3	      1.200
     209.8E-3	      1.200
     209.9E-3	      1.280
     210.0E-3	      1.280
     210.1E-3	      1.200
     210.2E-3	      1.280
     210.3E-3	      1.280
     210.4E-3	      1.280
     210.5E-3	      1.280
     210.6E-3	      1.280
     210.7E-3	      1.280
     210.8E-3	      1.360
     210.9E-3	      1.360
     211.0E-3	      1.360
     211.1E-3	      1.360
     211.2E-3	      1.360
     211.3E-3	      1.360
     211.4E-3	      1.360
     211.5E-3	      1.440
     211.6E-3	      1.440
     211.7E-3	      1.440
     211.8E-3	      1.440
     211.9E-3	      1.440
     212.0E-3	      1.440
     212.1E-3	      1.440
     212.2E-3	      1.520
     212.3E-3	      1.520
     212.4E-3	      1.520
     212.5E-3	      1.520
     212.6E-3	      1.520
     212.7E-3	      1.600
     212.8E-3	      1.600
     212.9E-3	      1.600
     213.0E-3	      1.520
     213.1E-3	      1.600
     213.2E-3	      1.600
     213.3E-3	      1.600
     213.4E-3	      1.600
     213.5E-3	      1.680
     213.6E-3	      1.600
     213.7E-3	      1.680
     213.8E-3	      1.680
     213.9E-3	      1.680
     214.0E-3	      1.680
     214.1E-3	      1.760
     214.2E-3	      1.760
     214.3E-3	      1.760
     214.4E-3	      1.760
     214.5E-3	      1.760
     214.6E-3	      1.760
     214.7E-3	      1.760
     214.8E-3	      1.760
     214.9E-3	      1.760
     215.0E-3	      1.840
     215.1E-3	      1.840
     215.2E-3	      1.920
     215.3E-3	      1.840
     215.4E-3	      1.840
     215.5E-3	      1.920
     215.6E-3	      1.920
     215.7E-3	      1.840
     215.8E-3	      1.920
     215.9E-3	      1.920
     216.0E-3	      1.920
     216.1E-3	      1.920
     216.2E-3	      1.920
     216.3E-3	      2.000
     216.4E-3	      2.000
     216.5E-3	      2.000
     216.6E-3	      2.000
     216.7E-3	      2.000
     216.8E-3	      2.000
     216.9E-3	      2.000
     217.0E-3	      2.000
     217.1E-3	      2.080
     217.2E-3	      2.080
     217.3E-3	      2.080
     217.4E-3	      2.080
     217.5E-3	      2.080
     217.6E-3	      2.160
     217.7E-3	      2.160
     217.8E-3	      2.160
     217.9E-3	      2.240
     218.0E-3	      2.160
     218.1E-3	      2.240
     218.2E-3	      2.160
     218.3E-3	      2.240
     218.4E-3	      2.240
     218.5E-3	      2.240
     218.6E-3	      2.240
     218.7E-3	      2.240
     218.8E-3	      2.240
     218.9E-3	      2.240
     219.0E-3	      2.320
     219.1E-3	      2.320
     219.2E-3	      2.320
     219.3E-3	      2.400
     219.4E-3	      2.320
     219.5E-3	      2.320
     219.6E-3	      2.320
     219.7E-3	      2.400
     219.8E-3	      2.400
     219.9E-3	      2.400
     220.0E-3	      2.400
     220.1E-3	      2.400
     220.2E-3	      2.400
     220.3E-3	      2.480
     220.4E-3	      2.480
     220.5E-3	      2.480
     220.6E-3	      2.480
     220.7E-3	      2.560
     220.8E-3	      2.480
     220.9E-3	      2.560
     221.0E-3	      2.560
     221.1E-3	      2.560
     221.2E-3	      2.560
     221.3E-3	      2.560
     221.4E-3	      2.640
     221.5E-3	      2.560
     221.6E-3	      2.640
     221.7E-3	      2.640
     221.8E-3	      2.640
     221.9E-3	      2.640
     222.0E-3	      2.640
     222.1E-3	      2.720
     222.2E-3	      2.720
     222.3E-3	      2.720
     222.4E-3	      2.720
     222.5E-3	      2.640
     222.6E-3	      2.720
     222.7E-3	      2.720
     222.8E-3	      2.800
     222.9E-3	      2.800
     223.0E-3	      2.720
     223.1E-3	      2.800
     223.2E-3	      2.720
     223.3E-3	      2.800
     223.4E-3	      2.800
     223.5E-3	      2.880
     223.6E-3	      2.880
     223.7E-3	      2.880
     223.8E-3	      2.880
     223.9E-3	      2.800
     224.0E-3	      2.880
     224.1E-3	      2.960
     224.2E-3	      2.960
     224.3E-3	      2.960
     224.4E-3	      2.960
     224.5E-3	      2.960
     224.6E-3	      3.040
     224.7E-3	      2.960
     224.8E-3	      2.960
     224.9E-3	      3.040
     225.0E-3	      2.960
     225.1E-3	      3.040
     225.2E-3	      3.040
     225.3E-3	      3.040
     225.4E-3	      3.040
     225.5E-3	      3.120
     225.6E-3	      3.120
     225.7E-3	      3.120
     225.8E-3	      3.120
     225.9E-3	      3.120
     226.0E-3	      3.200
     226.1E-3	      3.120
     226.2E-3	      3.200
     226.3E-3	      3.200
     226.4E-3	      3.200
     226.5E-3	      3.200
     226.6E-3	      3.200
     226.7E-3	      3.200
     226.8E-3	      3.280
     226.9E-3	      3.200
     227.0E-3	      3.280
     227.1E-3	      3.280
     227.2E-3	      3.200
     227.3E-3	      3.280
     227.4E-3	      3.280
     227.5E-3	      3.280
     227.6E-3	      3.360
     227.7E-3	      3.360
     227.8E-3	      3.360
     227.9E-3	      3.360
     228.0E-3	      3.360
     228.1E-3	      3.440
     228.2E-3	      3.440
     228.3E-3	      3.440
     228.4E-3	      3.440
     228.5E-3	      3.440
     228.6E-3	      3.440
     228.7E-3	      3.440
     228.8E-3	      3.520
     228.9E-3	      3.520
     229.0E-3	      3.520
     229.1E-3	      3.520
     229.2E-3	      3.520
     229.3E-3	      3.520
     229.4E-3	      3.600
     229.5E-3	      3.600
     229.6E-3	      3.600
     229.7E-3	      3.600
     229.8E-3	      3.600
     229.9E-3	      3.600
     230.0E-3	      3.600
     230.1E-3	      3.600
     230.2E-3	      3.680
     230.3E-3	      3.680
     230.4E-3	      3.680
     230.5E-3	      3.680
     230.6E-3	      3.680
     230.7E-3	      3.680
     230.8E-3	      3.760
     230.9E-3	      3.680
     231.0E-3	      3.760
     231.1E-3	      3.680
     231.2E-3	      3.760
     231.3E-3	      3.760
     231.4E-3	      3.760
     231.5E-3	      3.840
     231.6E-3	      3.840
     231.7E-3	      3.840
     231.8E-3	      3.840
     231.9E-3	      3.840
     232.0E-3	      3.840
     232.1E-3	      3.840
     232.2E-3	      3.840
     232.3E-3	      3.920
     232.4E-3	      3.920
     232.5E-3	      3.920
     232.6E-3	      3.920
     232.7E-3	      3.920
     232.8E-3	      3.920
     232.9E-3	      4.000
     233.0E-3	      4.000
     233.1E-3	      4.000
     233.2E-3	      4.000
     233.3E-3	      4.000
     233.4E-3	      4.000
     233.5E-3	      4.000
     233.6E-3	      4.000
     233.7E-3	      4.080
     233.8E-3	      4.080
     233.9E-3	      4.080
     234.0E-3	      4.080
     234.1E-3	      4.080
     234.2E-3	      4.160
     234.3E-3	      4.160
     234.4E-3	      4.160
     234.5E-3	      4.160
     234.6E-3	      4.160
     234.7E-3	      4.160
     234.8E-3	      4.160
     234.9E-3	      4.160
     235.0E-3	      4.240
     235.1E-3	      4.160
     235.2E-3	      4.240
     235.3E-3	      4.160
     235.4E-3	      4.240
     235.5E-3	      4.320
     235.6E-3	      4.320
     235.7E-3	      4.400
     235.8E-3	      4.240
     235.9E-3	      4.320
     236.0E-3	      4.320
     236.1E-3	      4.320
     236.2E-3	      4.400
     236.3E-3	      4.400
     236.4E-3	      4.400
     236.5E-3	      4.400
     236.6E-3	      4.400
     236.7E-3	      4.400
     236.8E-3	      4.400
     236.9E-3	      4.480
     237.0E-3	      4.480
     237.1E-3	      4.400
     237.2E-3	      4.480
     237.3E-3	      4.480
     237.4E-3	      4.480
     237.5E-3	      4.480
     237.6E-3	      4.640
     237.7E-3	      4.560
     237.8E-3	      4.560
     237.9E-3	      4.560
     238.0E-3	      4.560
     238.1E-3	      4.640
     238.2E-3	      4.640
     238.3E-3	      4.640
     238.4E-3	      4.640
     238.5E-3	      4.640
     238.6E-3	      4.720
     238.7E-3	      4.720
     238.8E-3	      4.640
     238.9E-3	      4.720
     239.0E-3	      4.640
     239.1E-3	      4.720
     239.2E-3	      4.720
     239.3E-3	      4.720
     239.4E-3	      4.720
     239.5E-3	      4.720
     239.6E-3	      4.800
     239.7E-3	      4.800
     239.8E-3	      4.800
     239.9E-3	      4.800
     240.0E-3	      4.880
     240.1E-3	      4.800
     240.2E-3	      4.880
     240.3E-3	      4.880
     240.4E-3	      4.880
     240.5E-3	      4.880
     240.6E-3	      4.960
     240.7E-3	      4.960
     240.8E-3	      4.880
     240.9E-3	      4.960
     241.0E-3	      4.880
     241.1E-3	      4.960
     241.2E-3	      4.960
     241.3E-3	      4.960
     241.4E-3	      4.960
     241.5E-3	      4.960
     241.6E-3	      5.040
     241.7E-3	      4.960
     241.8E-3	      5.040
     241.9E-3	      5.040
     242.0E-3	      5.040
     242.1E-3	      5.040
     242.2E-3	      5.120
     242.3E-3	      5.120
     242.4E-3	      5.120
     242.5E-3	      5.120
     242.6E-3	      5.120
     242.7E-3	      5.120
     242.8E-3	      5.120
     242.9E-3	      5.120
     243.0E-3	      5.120
     243.1E-3	      5.120
     243.2E-3	      5.120
     243.3E-3	      5.120
     243.4E-3	      5.120
     243.5E-3	      5.120
     243.6E-3	      5.040
     243.7E-3	      5.040
     243.8E-3	      5.040
     243.9E-3	      5.040
     244.0E-3	      5.040
     244.1E-3	      4.960
     244.2E-3	      4.960
     244.3E-3	      4.960
     244.4E-3	      4.880
     244.5E-3	      4.960
     244.6E-3	      4.960
     244.7E-3	      4.960
     244.8E-3	      4.880
     244.9E-3	      4.880
     245.0E-3	      4.880
     245.1E-3	      4.880
     245.2E-3	      4.880
     245.3E-3	      4.880
     245.4E-3	      4.880
     245.5E-3	      4.880
     245.6E-3	      4.800
     245.7E-3	      4.800
     245.8E-3	      4.800
     245.9E-3	      4.800
     246.0E-3	      4.720
     246.1E-3	      4.800
     246.2E-3	      4.720
     246.3E-3	      4.720
     246.4E-3	      4.720
     246.5E-3	      4.720
     246.6E-3	      4.720
     246.7E-3	      4.720
     246.8E-3	      4.720
     246.9E-3	      4.640
     247.0E-3	      4.640
     247.1E-3	      4.640
     247.2E-3	      4.640
     247.3E-3	      4.640
     247.4E-3	      4.640
     247.5E-3	      4.560
     247.6E-3	      4.640
     247.7E-3	      4.560
     247.8E-3	      4.560
     247.9E-3	      4.560
     248.0E-3	      4.560
     248.1E-3	      4.560
     248.2E-3	      4.480
     248.3E-3	      4.480
     248.4E-3	      4.480
     248.5E-3	      4.480
     248.6E-3	      4.400
     248.7E-3	      4.400
     248.8E-3	      4.400
     248.9E-3	      4.400
     249.0E-3	      4.400
     249.1E-3	      4.400
     249.2E-3	      4.400
     249.3E-3	      4.320
     249.4E-3	      4.320
     249.5E-3	      4.400
     249.6E-3	      4.320
     249.7E-3	      4.320
     249.8E-3	      4.320
     249.9E-3	      4.320

