    0.0000	      4.520
     20.00E-6	      4.560
     40.00E-6	      4.560
     60.00E-6	      4.560
     80.00E-6	      4.560
     100.0E-6	      4.640
     120.0E-6	      4.640
     140.0E-6	      4.640
     160.0E-6	      4.640
     180.0E-6	      4.640
     200.0E-6	      4.680
     220.0E-6	      4.640
     240.0E-6	      4.680
     260.0E-6	      4.720
     280.0E-6	      4.720
     300.0E-6	      4.760
     320.0E-6	      4.760
     340.0E-6	      4.840
     360.0E-6	      4.800
     380.0E-6	      4.800
     400.0E-6	      4.840
     420.0E-6	      4.880
     440.0E-6	      4.840
     460.0E-6	      4.880
     480.0E-6	      4.880
     500.0E-6	      4.920
     520.0E-6	      4.920
     540.0E-6	      4.920
     560.0E-6	      4.920
     580.0E-6	      4.960
     600.0E-6	      4.960
     620.0E-6	      4.960
     640.0E-6	      5.000
     660.0E-6	      5.000
     680.0E-6	      5.040
     700.0E-6	      5.040
     720.0E-6	      5.040
     740.0E-6	      5.080
     760.0E-6	      5.080
     780.0E-6	      5.120
     800.0E-6	      5.120
     820.0E-6	      5.120
     840.0E-6	      5.160
     860.0E-6	      5.120
     880.0E-6	      5.120
     900.0E-6	      5.120
     920.0E-6	      5.080
     940.0E-6	      5.080
     960.0E-6	      5.080
     980.0E-6	      5.080
     1000.E-6	      5.040
     1.020E-3	      5.000
     1.040E-3	      5.040
     1.060E-3	      5.000
     1.080E-3	      4.960
     1.100E-3	      4.960
     1.120E-3	      4.960
     1.140E-3	      4.960
     1.160E-3	      4.920
     1.180E-3	      4.920
     1.200E-3	      4.880
     1.220E-3	      4.880
     1.240E-3	      4.880
     1.260E-3	      4.880
     1.280E-3	      4.840
     1.300E-3	      4.800
     1.320E-3	      4.800
     1.340E-3	      4.800
     1.360E-3	      4.760
     1.380E-3	      4.760
     1.400E-3	      4.720
     1.420E-3	      4.760
     1.440E-3	      4.720
     1.460E-3	      4.720
     1.480E-3	      4.720
     1.500E-3	      4.680
     1.520E-3	      4.640
     1.540E-3	      4.640
     1.560E-3	      4.640
     1.580E-3	      4.640
     1.600E-3	      4.600
     1.620E-3	      4.600
     1.640E-3	      4.600
     1.660E-3	      4.600
     1.680E-3	      4.560
     1.700E-3	      4.520
     1.720E-3	      4.520
     1.740E-3	      4.520
     1.760E-3	      4.480
     1.780E-3	      4.440
     1.800E-3	      4.480
     1.820E-3	      4.440
     1.840E-3	      4.400
     1.860E-3	      4.440
     1.880E-3	      4.400
     1.900E-3	      4.400
     1.920E-3	      4.360
     1.940E-3	      4.360
     1.960E-3	      4.360
     1.980E-3	      4.360
     2.000E-3	      4.280
     2.020E-3	      4.280
     2.040E-3	      4.280
     2.060E-3	      4.280
     2.080E-3	      4.240
     2.100E-3	      4.240
     2.120E-3	      4.240
     2.140E-3	      4.200
     2.160E-3	      4.200
     2.180E-3	      4.200
     2.200E-3	      4.160
     2.220E-3	      4.160
     2.240E-3	      4.160
     2.260E-3	      4.080
     2.280E-3	      4.080
     2.300E-3	      4.080
     2.320E-3	      4.040
     2.340E-3	      4.040
     2.360E-3	      4.040
     2.380E-3	      4.000
     2.400E-3	      4.000
     2.420E-3	      4.000
     2.440E-3	      4.000
     2.460E-3	      3.960
     2.480E-3	      3.960
     2.500E-3	      3.960
     2.520E-3	      3.920
     2.540E-3	      3.920
     2.560E-3	      3.920
     2.580E-3	      3.840
     2.600E-3	      3.840
     2.620E-3	      3.840
     2.640E-3	      3.880
     2.660E-3	      3.800
     2.680E-3	      3.800
     2.700E-3	      3.800
     2.720E-3	      3.800
     2.740E-3	      3.760
     2.760E-3	      3.760
     2.780E-3	      3.760
     2.800E-3	      3.760
     2.820E-3	      3.680
     2.840E-3	      3.680
     2.860E-3	      3.720
     2.880E-3	      3.640
     2.900E-3	      3.640
     2.920E-3	      3.640
     2.940E-3	      3.640
     2.960E-3	      3.600
     2.980E-3	      3.600
     3.000E-3	      3.560
     3.020E-3	      3.560
     3.040E-3	      3.560
     3.060E-3	      3.520
     3.080E-3	      3.520
     3.100E-3	      3.520
     3.120E-3	      3.480
     3.140E-3	      3.440
     3.160E-3	      3.480
     3.180E-3	      3.400
     3.200E-3	      3.440
     3.220E-3	      3.400
     3.240E-3	      3.400
     3.260E-3	      3.400
     3.280E-3	      3.320
     3.300E-3	      3.400
     3.320E-3	      3.320
     3.340E-3	      3.320
     3.360E-3	      3.280
     3.380E-3	      3.280
     3.400E-3	      3.320
     3.420E-3	      3.280
     3.440E-3	      3.240
     3.460E-3	      3.240
     3.480E-3	      3.240
     3.500E-3	      3.200
     3.520E-3	      3.200
     3.540E-3	      3.160
     3.560E-3	      3.160
     3.580E-3	      3.160
     3.600E-3	      3.120
     3.620E-3	      3.120
     3.640E-3	      3.120
     3.660E-3	      3.120
     3.680E-3	      3.080
     3.700E-3	      3.040
     3.720E-3	      3.040
     3.740E-3	      3.000
     3.760E-3	      3.000
     3.780E-3	      3.000
     3.800E-3	      2.960
     3.820E-3	      2.960
     3.840E-3	      2.960
     3.860E-3	      2.960
     3.880E-3	      2.920
     3.900E-3	      2.920
     3.920E-3	      2.920
     3.940E-3	      2.840
     3.960E-3	      2.840
     3.980E-3	      2.880
     4.000E-3	      2.840
     4.020E-3	      2.840
     4.040E-3	      2.800
     4.060E-3	      2.760
     4.080E-3	      2.760
     4.100E-3	      2.760
     4.120E-3	      2.720
     4.140E-3	      2.760
     4.160E-3	      2.720
     4.180E-3	      2.720
     4.200E-3	      2.680
     4.220E-3	      2.680
     4.240E-3	      2.680
     4.260E-3	      2.640
     4.280E-3	      2.640
     4.300E-3	      2.640
     4.320E-3	      2.600
     4.340E-3	      2.560
     4.360E-3	      2.560
     4.380E-3	      2.560
     4.400E-3	      2.560
     4.420E-3	      2.480
     4.440E-3	      2.480
     4.460E-3	      2.480
     4.480E-3	      2.480
     4.500E-3	      2.440
     4.520E-3	      2.440
     4.540E-3	      2.440
     4.560E-3	      2.400
     4.580E-3	      2.400
     4.600E-3	      2.400
     4.620E-3	      2.400
     4.640E-3	      2.320
     4.660E-3	      2.360
     4.680E-3	      2.360
     4.700E-3	      2.320
     4.720E-3	      2.280
     4.740E-3	      2.280
     4.760E-3	      2.320
     4.780E-3	      2.280
     4.800E-3	      2.280
     4.820E-3	      2.240
     4.840E-3	      2.200
     4.860E-3	      2.200
     4.880E-3	      2.200
     4.900E-3	      2.160
     4.920E-3	      2.160
     4.940E-3	      2.120
     4.960E-3	      2.120
     4.980E-3	      2.120
     5.000E-3	      2.080
     5.020E-3	      2.080
     5.040E-3	      2.040
     5.060E-3	      2.080
     5.080E-3	      2.040
     5.100E-3	      2.040
     5.120E-3	      2.040
     5.140E-3	      2.040
     5.160E-3	      1.960
     5.180E-3	      1.960
     5.200E-3	      1.960
     5.220E-3	      1.960
     5.240E-3	      1.880
     5.260E-3	      1.920
     5.280E-3	      1.920
     5.300E-3	      1.840
     5.320E-3	      1.880
     5.340E-3	      1.840
     5.360E-3	      1.840
     5.380E-3	      1.800
     5.400E-3	      1.800
     5.420E-3	      1.760
     5.440E-3	      1.800
     5.460E-3	      1.760
     5.480E-3	      1.720
     5.500E-3	      1.720
     5.520E-3	      1.720
     5.540E-3	      1.720
     5.560E-3	      1.680
     5.580E-3	      1.680
     5.600E-3	      1.640
     5.620E-3	      1.640
     5.640E-3	      1.640
     5.660E-3	      1.600
     5.680E-3	      1.600
     5.700E-3	      1.600
     5.720E-3	      1.560
     5.740E-3	      1.560
     5.760E-3	      1.560
     5.780E-3	      1.480
     5.800E-3	      1.480
     5.820E-3	      1.480
     5.840E-3	      1.480
     5.860E-3	      1.440
     5.880E-3	      1.440
     5.900E-3	      1.400
     5.920E-3	      1.400
     5.940E-3	      1.400
     5.960E-3	      1.400
     5.980E-3	      1.360
     6.000E-3	      1.360
     6.020E-3	      1.320
     6.040E-3	      1.320
     6.060E-3	      1.280
     6.080E-3	      1.280
     6.100E-3	      1.280
     6.120E-3	      1.280
     6.140E-3	      1.240
     6.160E-3	      1.240
     6.180E-3	      1.200
     6.200E-3	      1.200
     6.220E-3	      1.200
     6.240E-3	      1.160
     6.260E-3	      1.160
     6.280E-3	      1.200
     6.300E-3	      1.160
     6.320E-3	      1.120
     6.340E-3	      1.120
     6.360E-3	      1.080
     6.380E-3	      1.040
     6.400E-3	      1.040
     6.420E-3	      1.040
     6.440E-3	      1.040
     6.460E-3	      1.000
     6.480E-3	      960.0E-3
     6.500E-3	      960.0E-3
     6.520E-3	      1.000
     6.540E-3	      920.0E-3
     6.560E-3	      960.0E-3
     6.580E-3	      960.0E-3
     6.600E-3	      920.0E-3
     6.620E-3	      880.0E-3
     6.640E-3	      880.0E-3
     6.660E-3	      840.0E-3
     6.680E-3	      840.0E-3
     6.700E-3	      840.0E-3
     6.720E-3	      840.0E-3
     6.740E-3	      800.0E-3
     6.760E-3	      800.0E-3
     6.780E-3	      760.0E-3
     6.800E-3	      760.0E-3
     6.820E-3	      760.0E-3
     6.840E-3	      760.0E-3
     6.860E-3	      720.0E-3
     6.880E-3	      680.0E-3
     6.900E-3	      720.0E-3
     6.920E-3	      720.0E-3
     6.940E-3	      640.0E-3
     6.960E-3	      640.0E-3
     6.980E-3	      600.0E-3
     7.000E-3	      600.0E-3
     7.020E-3	      640.0E-3
     7.040E-3	      560.0E-3
     7.060E-3	      560.0E-3
     7.080E-3	      560.0E-3
     7.100E-3	      560.0E-3
     7.120E-3	      520.0E-3
     7.140E-3	      520.0E-3
     7.160E-3	      480.0E-3
     7.180E-3	      480.0E-3
     7.200E-3	      440.0E-3
     7.220E-3	      480.0E-3
     7.240E-3	      440.0E-3
     7.260E-3	      440.0E-3
     7.280E-3	      400.0E-3
     7.300E-3	      400.0E-3
     7.320E-3	      360.0E-3
     7.340E-3	      360.0E-3
     7.360E-3	      360.0E-3
     7.380E-3	      320.0E-3
     7.400E-3	      320.0E-3
     7.420E-3	      280.0E-3
     7.440E-3	      280.0E-3
     7.460E-3	      280.0E-3
     7.480E-3	      280.0E-3
     7.500E-3	      280.0E-3
     7.520E-3	      240.0E-3
     7.540E-3	      240.0E-3
     7.560E-3	      200.0E-3
     7.580E-3	      160.0E-3
     7.600E-3	      160.0E-3
     7.620E-3	      160.0E-3
     7.640E-3	      120.0E-3
     7.660E-3	      120.0E-3
     7.680E-3	      120.0E-3
     7.700E-3	      120.0E-3
     7.720E-3	      80.00E-3
     7.740E-3	      80.00E-3
     7.760E-3	      80.00E-3
     7.780E-3	      80.00E-3
     7.800E-3	      40.00E-3
     7.820E-3	      40.00E-3
     7.840E-3	      40.00E-3
     7.860E-3	      40.00E-3
     7.880E-3	      40.00E-3
     7.900E-3	      80.00E-3
     7.920E-3	      80.00E-3
     7.940E-3	      120.0E-3
     7.960E-3	      120.0E-3
     7.980E-3	      160.0E-3
     8.000E-3	      160.0E-3
     8.020E-3	      160.0E-3
     8.040E-3	      200.0E-3
     8.060E-3	      240.0E-3
     8.080E-3	      200.0E-3
     8.100E-3	      280.0E-3
     8.120E-3	      280.0E-3
     8.140E-3	      280.0E-3
     8.160E-3	      240.0E-3
     8.180E-3	      280.0E-3
     8.200E-3	      280.0E-3
     8.220E-3	      320.0E-3
     8.240E-3	      320.0E-3
     8.260E-3	      320.0E-3
     8.280E-3	      360.0E-3
     8.300E-3	      360.0E-3
     8.320E-3	      400.0E-3
     8.340E-3	      400.0E-3
     8.360E-3	      440.0E-3
     8.380E-3	      440.0E-3
     8.400E-3	      480.0E-3
     8.420E-3	      480.0E-3
     8.440E-3	      440.0E-3
     8.460E-3	      480.0E-3
     8.480E-3	      480.0E-3
     8.500E-3	      520.0E-3
     8.520E-3	      520.0E-3
     8.540E-3	      520.0E-3
     8.560E-3	      520.0E-3
     8.580E-3	      560.0E-3
     8.600E-3	      560.0E-3
     8.620E-3	      600.0E-3
     8.640E-3	      640.0E-3
     8.660E-3	      600.0E-3
     8.680E-3	      680.0E-3
     8.700E-3	      680.0E-3
     8.720E-3	      680.0E-3
     8.740E-3	      720.0E-3
     8.760E-3	      720.0E-3
     8.780E-3	      720.0E-3
     8.800E-3	      760.0E-3
     8.820E-3	      800.0E-3
     8.840E-3	      800.0E-3
     8.860E-3	      800.0E-3
     8.880E-3	      800.0E-3
     8.900E-3	      840.0E-3
     8.920E-3	      840.0E-3
     8.940E-3	      880.0E-3
     8.960E-3	      880.0E-3
     8.980E-3	      840.0E-3
     9.000E-3	      880.0E-3
     9.020E-3	      920.0E-3
     9.040E-3	      960.0E-3
     9.060E-3	      920.0E-3
     9.080E-3	      920.0E-3
     9.100E-3	      960.0E-3
     9.120E-3	      1.000
     9.140E-3	      960.0E-3
     9.160E-3	      1.040
     9.180E-3	      1.040
     9.200E-3	      1.040
     9.220E-3	      1.040
     9.240E-3	      1.080
     9.260E-3	      1.120
     9.280E-3	      1.080
     9.300E-3	      1.120
     9.320E-3	      1.160
     9.340E-3	      1.120
     9.360E-3	      1.160
     9.380E-3	      1.160
     9.400E-3	      1.200
     9.420E-3	      1.160
     9.440E-3	      1.200
     9.460E-3	      1.240
     9.480E-3	      1.240
     9.500E-3	      1.240
     9.520E-3	      1.280
     9.540E-3	      1.280
     9.560E-3	      1.320
     9.580E-3	      1.360
     9.600E-3	      1.320
     9.620E-3	      1.320
     9.640E-3	      1.360
     9.660E-3	      1.320
     9.680E-3	      1.400
     9.700E-3	      1.400
     9.720E-3	      1.440
     9.740E-3	      1.400
     9.760E-3	      1.480
     9.780E-3	      1.480
     9.800E-3	      1.480
     9.820E-3	      1.480
     9.840E-3	      1.480
     9.860E-3	      1.520
     9.880E-3	      1.560
     9.900E-3	      1.560
     9.920E-3	      1.560
     9.940E-3	      1.560
     9.960E-3	      1.600
     9.980E-3	      1.600
     10.00E-3	      1.600
     10.02E-3	      1.640
     10.04E-3	      1.640
     10.06E-3	      1.640
     10.08E-3	      1.640
     10.10E-3	      1.720
     10.12E-3	      1.720
     10.14E-3	      1.720
     10.16E-3	      1.760
     10.18E-3	      1.760
     10.20E-3	      1.800
     10.22E-3	      1.800
     10.24E-3	      1.840
     10.26E-3	      1.840
     10.28E-3	      1.840
     10.30E-3	      1.840
     10.32E-3	      1.880
     10.34E-3	      1.880
     10.36E-3	      1.880
     10.38E-3	      1.920
     10.40E-3	      1.920
     10.42E-3	      1.960
     10.44E-3	      1.960
     10.46E-3	      1.960
     10.48E-3	      1.960
     10.50E-3	      2.000
     10.52E-3	      2.000
     10.54E-3	      2.040
     10.56E-3	      2.040
     10.58E-3	      2.040
     10.60E-3	      2.080
     10.62E-3	      2.120
     10.64E-3	      2.120
     10.66E-3	      2.120
     10.68E-3	      2.160
     10.70E-3	      2.160
     10.72E-3	      2.160
     10.74E-3	      2.160
     10.76E-3	      2.200
     10.78E-3	      2.240
     10.80E-3	      2.240
     10.82E-3	      2.240
     10.84E-3	      2.280
     10.86E-3	      2.280
     10.88E-3	      2.320
     10.90E-3	      2.320
     10.92E-3	      2.320
     10.94E-3	      2.320
     10.96E-3	      2.320
     10.98E-3	      2.320
     11.00E-3	      2.400
     11.02E-3	      2.400
     11.04E-3	      2.400
     11.06E-3	      2.400
     11.08E-3	      2.480
     11.10E-3	      2.480
     11.12E-3	      2.440
     11.14E-3	      2.480
     11.16E-3	      2.480
     11.18E-3	      2.480
     11.20E-3	      2.520
     11.22E-3	      2.520
     11.24E-3	      2.560
     11.26E-3	      2.560
     11.28E-3	      2.560
     11.30E-3	      2.640
     11.32E-3	      2.640
     11.34E-3	      2.640
     11.36E-3	      2.640
     11.38E-3	      2.680
     11.40E-3	      2.680
     11.42E-3	      2.640
     11.44E-3	      2.720
     11.46E-3	      2.720
     11.48E-3	      2.720
     11.50E-3	      2.720
     11.52E-3	      2.760
     11.54E-3	      2.800
     11.56E-3	      2.760
     11.58E-3	      2.800
     11.60E-3	      2.800
     11.62E-3	      2.880
     11.64E-3	      2.800
     11.66E-3	      2.880
     11.68E-3	      2.840
     11.70E-3	      2.880
     11.72E-3	      2.920
     11.74E-3	      2.920
     11.76E-3	      2.920
     11.78E-3	      2.960
     11.80E-3	      2.960
     11.82E-3	      3.000
     11.84E-3	      3.040
     11.86E-3	      2.960
     11.88E-3	      3.000
     11.90E-3	      3.080
     11.92E-3	      3.040
     11.94E-3	      3.040
     11.96E-3	      3.080
     11.98E-3	      3.120
     12.00E-3	      3.120
     12.02E-3	      3.120
     12.04E-3	      3.160
     12.06E-3	      3.160
     12.08E-3	      3.160
     12.10E-3	      3.160
     12.12E-3	      3.200
     12.14E-3	      3.200
     12.16E-3	      3.280
     12.18E-3	      3.280
     12.20E-3	      3.240
     12.22E-3	      3.320
     12.24E-3	      3.320
     12.26E-3	      3.320
     12.28E-3	      3.360
     12.30E-3	      3.360
     12.32E-3	      3.320
     12.34E-3	      3.360
     12.36E-3	      3.360
     12.38E-3	      3.440
     12.40E-3	      3.440
     12.42E-3	      3.440
     12.44E-3	      3.440
     12.46E-3	      3.440
     12.48E-3	      3.440
     12.50E-3	      3.480
     12.52E-3	      3.480
     12.54E-3	      3.520
     12.56E-3	      3.520
     12.58E-3	      3.520
     12.60E-3	      3.560
     12.62E-3	      3.560
     12.64E-3	      3.560
     12.66E-3	      3.600
     12.68E-3	      3.640
     12.70E-3	      3.600
     12.72E-3	      3.640
     12.74E-3	      3.640
     12.76E-3	      3.680
     12.78E-3	      3.680
     12.80E-3	      3.720
     12.82E-3	      3.720
     12.84E-3	      3.720
     12.86E-3	      3.760
     12.88E-3	      3.760
     12.90E-3	      3.760
     12.92E-3	      3.800
     12.94E-3	      3.800
     12.96E-3	      3.840
     12.98E-3	      3.800
     13.00E-3	      3.800
     13.02E-3	      3.840
     13.04E-3	      3.880
     13.06E-3	      3.880
     13.08E-3	      3.920
     13.10E-3	      3.920
     13.12E-3	      3.960
     13.14E-3	      3.960
     13.16E-3	      3.960
     13.18E-3	      4.000
     13.20E-3	      4.000
     13.22E-3	      4.000
     13.24E-3	      4.000
     13.26E-3	      4.040
     13.28E-3	      4.080
     13.30E-3	      4.080
     13.32E-3	      4.080
     13.34E-3	      4.120
     13.36E-3	      4.080
     13.38E-3	      4.120
     13.40E-3	      4.160
     13.42E-3	      4.160
     13.44E-3	      4.200
     13.46E-3	      4.200
     13.48E-3	      4.200
     13.50E-3	      4.240
     13.52E-3	      4.240
     13.54E-3	      4.280
     13.56E-3	      4.280
     13.58E-3	      4.280
     13.60E-3	      4.280
     13.62E-3	      4.280
     13.64E-3	      4.320
     13.66E-3	      4.360
     13.68E-3	      4.360
     13.70E-3	      4.360
     13.72E-3	      4.400
     13.74E-3	      4.440
     13.76E-3	      4.440
     13.78E-3	      4.440
     13.80E-3	      4.440
     13.82E-3	      4.440
     13.84E-3	      4.440
     13.86E-3	      4.480
     13.88E-3	      4.480
     13.90E-3	      4.520
     13.92E-3	      4.520
     13.94E-3	      4.560
     13.96E-3	      4.600
     13.98E-3	      4.640
     14.00E-3	      4.600
     14.02E-3	      4.600
     14.04E-3	      4.640
     14.06E-3	      4.640
     14.08E-3	      4.640
     14.10E-3	      4.680
     14.12E-3	      4.680
     14.14E-3	      4.680
     14.16E-3	      4.720
     14.18E-3	      4.760
     14.20E-3	      4.760
     14.22E-3	      4.760
     14.24E-3	      4.760
     14.26E-3	      4.800
     14.28E-3	      4.800
     14.30E-3	      4.840
     14.32E-3	      4.840
     14.34E-3	      4.880
     14.36E-3	      4.880
     14.38E-3	      4.880
     14.40E-3	      4.880
     14.42E-3	      4.880
     14.44E-3	      4.920
     14.46E-3	      4.920
     14.48E-3	      4.920
     14.50E-3	      4.960
     14.52E-3	      4.960
     14.54E-3	      4.960
     14.56E-3	      5.000
     14.58E-3	      5.000
     14.60E-3	      5.040
     14.62E-3	      5.040
     14.64E-3	      5.040
     14.66E-3	      5.080
     14.68E-3	      5.080
     14.70E-3	      5.120
     14.72E-3	      5.120
     14.74E-3	      5.120
     14.76E-3	      5.120
     14.78E-3	      5.160
     14.80E-3	      5.120
     14.82E-3	      5.080
     14.84E-3	      5.080
     14.86E-3	      5.080
     14.88E-3	      5.080
     14.90E-3	      5.040
     14.92E-3	      5.040
     14.94E-3	      5.040
     14.96E-3	      5.040
     14.98E-3	      5.040
     15.00E-3	      4.960
     15.02E-3	      4.960
     15.04E-3	      4.960
     15.06E-3	      4.920
     15.08E-3	      4.960
     15.10E-3	      4.920
     15.12E-3	      4.880
     15.14E-3	      4.880
     15.16E-3	      4.880
     15.18E-3	      4.840
     15.20E-3	      4.880
     15.22E-3	      4.840
     15.24E-3	      4.800
     15.26E-3	      4.840
     15.28E-3	      4.800
     15.30E-3	      4.760
     15.32E-3	      4.720
     15.34E-3	      4.760
     15.36E-3	      4.760
     15.38E-3	      4.720
     15.40E-3	      4.680
     15.42E-3	      4.680
     15.44E-3	      4.680
     15.46E-3	      4.640
     15.48E-3	      4.600
     15.50E-3	      4.640
     15.52E-3	      4.640
     15.54E-3	      4.600
     15.56E-3	      4.560
     15.58E-3	      4.560
     15.60E-3	      4.520
     15.62E-3	      4.560
     15.64E-3	      4.560
     15.66E-3	      4.480
     15.68E-3	      4.480
     15.70E-3	      4.440
     15.72E-3	      4.480
     15.74E-3	      4.440
     15.76E-3	      4.440
     15.78E-3	      4.400
     15.80E-3	      4.400
     15.82E-3	      4.400
     15.84E-3	      4.400
     15.86E-3	      4.360
     15.88E-3	      4.360
     15.90E-3	      4.320
     15.92E-3	      4.320
     15.94E-3	      4.280
     15.96E-3	      4.280
     15.98E-3	      4.240
     16.00E-3	      4.240
     16.02E-3	      4.240
     16.04E-3	      4.240
     16.06E-3	      4.200
     16.08E-3	      4.160
     16.10E-3	      4.200
     16.12E-3	      4.120
     16.14E-3	      4.120
     16.16E-3	      4.120
     16.18E-3	      4.120
     16.20E-3	      4.080
     16.22E-3	      4.120
     16.24E-3	      4.040
     16.26E-3	      4.040
     16.28E-3	      4.000
     16.30E-3	      4.040
     16.32E-3	      4.040
     16.34E-3	      4.000
     16.36E-3	      4.000
     16.38E-3	      3.960
     16.40E-3	      3.960
     16.42E-3	      3.960
     16.44E-3	      3.920
     16.46E-3	      3.920
     16.48E-3	      3.880
     16.50E-3	      3.920
     16.52E-3	      3.880
     16.54E-3	      3.840
     16.56E-3	      3.840
     16.58E-3	      3.800
     16.60E-3	      3.800
     16.62E-3	      3.800
     16.64E-3	      3.800
     16.66E-3	      3.760
     16.68E-3	      3.720
     16.70E-3	      3.760
     16.72E-3	      3.720
     16.74E-3	      3.680
     16.76E-3	      3.720
     16.78E-3	      3.680
     16.80E-3	      3.680
     16.82E-3	      3.640
     16.84E-3	      3.600
     16.86E-3	      3.600
     16.88E-3	      3.600
     16.90E-3	      3.560
     16.92E-3	      3.560
     16.94E-3	      3.560
     16.96E-3	      3.520
     16.98E-3	      3.520
     17.00E-3	      3.440
     17.02E-3	      3.520
     17.04E-3	      3.480
     17.06E-3	      3.440
     17.08E-3	      3.440
     17.10E-3	      3.440
     17.12E-3	      3.400
     17.14E-3	      3.400
     17.16E-3	      3.400
     17.18E-3	      3.400
     17.20E-3	      3.360
     17.22E-3	      3.360
     17.24E-3	      3.320
     17.26E-3	      3.320
     17.28E-3	      3.320
     17.30E-3	      3.240
     17.32E-3	      3.280
     17.34E-3	      3.280
     17.36E-3	      3.240
     17.38E-3	      3.280
     17.40E-3	      3.240
     17.42E-3	      3.240
     17.44E-3	      3.160
     17.46E-3	      3.200
     17.48E-3	      3.160
     17.50E-3	      3.120
     17.52E-3	      3.120
     17.54E-3	      3.120
     17.56E-3	      3.120
     17.58E-3	      3.080
     17.60E-3	      3.080
     17.62E-3	      3.040
     17.64E-3	      3.040
     17.66E-3	      3.000
     17.68E-3	      3.000
     17.70E-3	      3.000
     17.72E-3	      2.960
     17.74E-3	      2.960
     17.76E-3	      2.960
     17.78E-3	      2.920
     17.80E-3	      2.920
     17.82E-3	      2.920
     17.84E-3	      2.920
     17.86E-3	      2.880
     17.88E-3	      2.840
     17.90E-3	      2.840
     17.92E-3	      2.800
     17.94E-3	      2.800
     17.96E-3	      2.760
     17.98E-3	      2.800
     18.00E-3	      2.760
     18.02E-3	      2.760
     18.04E-3	      2.720
     18.06E-3	      2.720
     18.08E-3	      2.720
     18.10E-3	      2.680
     18.12E-3	      2.680
     18.14E-3	      2.680
     18.16E-3	      2.640
     18.18E-3	      2.640
     18.20E-3	      2.600
     18.22E-3	      2.640
     18.24E-3	      2.600
     18.26E-3	      2.560
     18.28E-3	      2.560
     18.30E-3	      2.560
     18.32E-3	      2.520
     18.34E-3	      2.520
     18.36E-3	      2.480
     18.38E-3	      2.520
     18.40E-3	      2.480
     18.42E-3	      2.400
     18.44E-3	      2.440
     18.46E-3	      2.440
     18.48E-3	      2.440
     18.50E-3	      2.400
     18.52E-3	      2.400
     18.54E-3	      2.360
     18.56E-3	      2.400
     18.58E-3	      2.320
     18.60E-3	      2.320
     18.62E-3	      2.320
     18.64E-3	      2.280
     18.66E-3	      2.280
     18.68E-3	      2.280
     18.70E-3	      2.280
     18.72E-3	      2.240
     18.74E-3	      2.240
     18.76E-3	      2.200
     18.78E-3	      2.200
     18.80E-3	      2.200
     18.82E-3	      2.160
     18.84E-3	      2.120
     18.86E-3	      2.160
     18.88E-3	      2.120
     18.90E-3	      2.120
     18.92E-3	      2.120
     18.94E-3	      2.080
     18.96E-3	      2.080
     18.98E-3	      2.080
     19.00E-3	      2.040
     19.02E-3	      2.040
     19.04E-3	      2.040
     19.06E-3	      2.000
     19.08E-3	      1.960
     19.10E-3	      1.960
     19.12E-3	      1.920
     19.14E-3	      1.920
     19.16E-3	      1.920
     19.18E-3	      1.920
     19.20E-3	      1.920
     19.22E-3	      1.840
     19.24E-3	      1.840
     19.26E-3	      1.840
     19.28E-3	      1.840
     19.30E-3	      1.800
     19.32E-3	      1.800
     19.34E-3	      1.760
     19.36E-3	      1.760
     19.38E-3	      1.760
     19.40E-3	      1.720
     19.42E-3	      1.720
     19.44E-3	      1.680
     19.46E-3	      1.680
     19.48E-3	      1.680
     19.50E-3	      1.640
     19.52E-3	      1.640
     19.54E-3	      1.640
     19.56E-3	      1.600
     19.58E-3	      1.600
     19.60E-3	      1.600
     19.62E-3	      1.560
     19.64E-3	      1.520
     19.66E-3	      1.520
     19.68E-3	      1.560
     19.70E-3	      1.520
     19.72E-3	      1.480
     19.74E-3	      1.480
     19.76E-3	      1.440
     19.78E-3	      1.440
     19.80E-3	      1.440
     19.82E-3	      1.440
     19.84E-3	      1.400
     19.86E-3	      1.400
     19.88E-3	      1.360
     19.90E-3	      1.360
     19.92E-3	      1.320
     19.94E-3	      1.320
     19.96E-3	      1.320
     19.98E-3	      1.320
     20.00E-3	      1.280
     20.02E-3	      1.240
     20.04E-3	      1.240
     20.06E-3	      1.240
     20.08E-3	      1.240
     20.10E-3	      1.200
     20.12E-3	      1.200
     20.14E-3	      1.200
     20.16E-3	      1.200
     20.18E-3	      1.160
     20.20E-3	      1.160
     20.22E-3	      1.120
     20.24E-3	      1.120
     20.26E-3	      1.120
     20.28E-3	      1.080
     20.30E-3	      1.080
     20.32E-3	      1.040
     20.34E-3	      1.040
     20.36E-3	      1.040
     20.38E-3	      1.000
     20.40E-3	      1.000
     20.42E-3	      1.000
     20.44E-3	      960.0E-3
     20.46E-3	      960.0E-3
     20.48E-3	      920.0E-3
     20.50E-3	      920.0E-3
     20.52E-3	      920.0E-3
     20.54E-3	      880.0E-3
     20.56E-3	      880.0E-3
     20.58E-3	      840.0E-3
     20.60E-3	      840.0E-3
     20.62E-3	      800.0E-3
     20.64E-3	      760.0E-3
     20.66E-3	      800.0E-3
     20.68E-3	      800.0E-3
     20.70E-3	      760.0E-3
     20.72E-3	      760.0E-3
     20.74E-3	      760.0E-3
     20.76E-3	      720.0E-3
     20.78E-3	      680.0E-3
     20.80E-3	      720.0E-3
     20.82E-3	      680.0E-3
     20.84E-3	      640.0E-3
     20.86E-3	      640.0E-3
     20.88E-3	      680.0E-3
     20.90E-3	      600.0E-3
     20.92E-3	      600.0E-3
     20.94E-3	      560.0E-3
     20.96E-3	      600.0E-3
     20.98E-3	      560.0E-3
     21.00E-3	      520.0E-3
     21.02E-3	      520.0E-3
     21.04E-3	      520.0E-3
     21.06E-3	      520.0E-3
     21.08E-3	      480.0E-3
     21.10E-3	      480.0E-3
     21.12E-3	      480.0E-3
     21.14E-3	      440.0E-3
     21.16E-3	      440.0E-3
     21.18E-3	      400.0E-3
     21.20E-3	      400.0E-3
     21.22E-3	      400.0E-3
     21.24E-3	      360.0E-3
     21.26E-3	      360.0E-3
     21.28E-3	      360.0E-3
     21.30E-3	      320.0E-3
     21.32E-3	      320.0E-3
     21.34E-3	      320.0E-3
     21.36E-3	      320.0E-3
     21.38E-3	      280.0E-3
     21.40E-3	      240.0E-3
     21.42E-3	      240.0E-3
     21.44E-3	      200.0E-3
     21.46E-3	      240.0E-3
     21.48E-3	      200.0E-3
     21.50E-3	      200.0E-3
     21.52E-3	      120.0E-3
     21.54E-3	      160.0E-3
     21.56E-3	      160.0E-3
     21.58E-3	      120.0E-3
     21.60E-3	      120.0E-3
     21.62E-3	      80.00E-3
     21.64E-3	      80.00E-3
     21.66E-3	      80.00E-3
     21.68E-3	      40.00E-3
     21.70E-3	     0.0000
     21.72E-3	      40.00E-3
     21.74E-3	     0.0000
     21.76E-3	      40.00E-3
     21.78E-3	      80.00E-3
     21.80E-3	      120.0E-3
     21.82E-3	      120.0E-3
     21.84E-3	      80.00E-3
     21.86E-3	      120.0E-3
     21.88E-3	      160.0E-3
     21.90E-3	      160.0E-3
     21.92E-3	      160.0E-3
     21.94E-3	      160.0E-3
     21.96E-3	      200.0E-3
     21.98E-3	      240.0E-3
     22.00E-3	      240.0E-3
     22.02E-3	      240.0E-3
     22.04E-3	      280.0E-3
     22.06E-3	      280.0E-3
     22.08E-3	      280.0E-3
     22.10E-3	      280.0E-3
     22.12E-3	      320.0E-3
     22.14E-3	      320.0E-3
     22.16E-3	      320.0E-3
     22.18E-3	      360.0E-3
     22.20E-3	      320.0E-3
     22.22E-3	      400.0E-3
     22.24E-3	      360.0E-3
     22.26E-3	      400.0E-3
     22.28E-3	      440.0E-3
     22.30E-3	      480.0E-3
     22.32E-3	      440.0E-3
     22.34E-3	      480.0E-3
     22.36E-3	      520.0E-3
     22.38E-3	      480.0E-3
     22.40E-3	      480.0E-3
     22.42E-3	      520.0E-3
     22.44E-3	      560.0E-3
     22.46E-3	      520.0E-3
     22.48E-3	      560.0E-3
     22.50E-3	      600.0E-3
     22.52E-3	      600.0E-3
     22.54E-3	      600.0E-3
     22.56E-3	      600.0E-3
     22.58E-3	      640.0E-3
     22.60E-3	      680.0E-3
     22.62E-3	      680.0E-3
     22.64E-3	      720.0E-3
     22.66E-3	      680.0E-3
     22.68E-3	      720.0E-3
     22.70E-3	      760.0E-3
     22.72E-3	      760.0E-3
     22.74E-3	      760.0E-3
     22.76E-3	      760.0E-3
     22.78E-3	      760.0E-3
     22.80E-3	      800.0E-3
     22.82E-3	      800.0E-3
     22.84E-3	      800.0E-3
     22.86E-3	      840.0E-3
     22.88E-3	      840.0E-3
     22.90E-3	      920.0E-3
     22.92E-3	      880.0E-3
     22.94E-3	      920.0E-3
     22.96E-3	      960.0E-3
     22.98E-3	      960.0E-3
     23.00E-3	      960.0E-3
     23.02E-3	      960.0E-3
     23.04E-3	      960.0E-3
     23.06E-3	      960.0E-3
     23.08E-3	      1.000
     23.10E-3	      1.040
     23.12E-3	      1.120
     23.14E-3	      1.080
     23.16E-3	      1.080
     23.18E-3	      1.080
     23.20E-3	      1.120
     23.22E-3	      1.160
     23.24E-3	      1.120
     23.26E-3	      1.200
     23.28E-3	      1.160
     23.30E-3	      1.200
     23.32E-3	      1.200
     23.34E-3	      1.200
     23.36E-3	      1.240
     23.38E-3	      1.240
     23.40E-3	      1.240
     23.42E-3	      1.240
     23.44E-3	      1.280
     23.46E-3	      1.280
     23.48E-3	      1.280
     23.50E-3	      1.320
     23.52E-3	      1.320
     23.54E-3	      1.360
     23.56E-3	      1.360
     23.58E-3	      1.360
     23.60E-3	      1.400
     23.62E-3	      1.400
     23.64E-3	      1.440
     23.66E-3	      1.440
     23.68E-3	      1.440
     23.70E-3	      1.480
     23.72E-3	      1.480
     23.74E-3	      1.480
     23.76E-3	      1.520
     23.78E-3	      1.560
     23.80E-3	      1.560
     23.82E-3	      1.560
     23.84E-3	      1.560
     23.86E-3	      1.560
     23.88E-3	      1.600
     23.90E-3	      1.600
     23.92E-3	      1.640
     23.94E-3	      1.640
     23.96E-3	      1.680
     23.98E-3	      1.720
     24.00E-3	      1.680
     24.02E-3	      1.720
     24.04E-3	      1.680
     24.06E-3	      1.760
     24.08E-3	      1.760
     24.10E-3	      1.800
     24.12E-3	      1.760
     24.14E-3	      1.800
     24.16E-3	      1.800
     24.18E-3	      1.840
     24.20E-3	      1.800
     24.22E-3	      1.840
     24.24E-3	      1.880
     24.26E-3	      1.880
     24.28E-3	      1.880
     24.30E-3	      1.920
     24.32E-3	      1.920
     24.34E-3	      1.920
     24.36E-3	      1.960
     24.38E-3	      2.000
     24.40E-3	      2.000
     24.42E-3	      2.000
     24.44E-3	      2.040
     24.46E-3	      2.040
     24.48E-3	      2.080
     24.50E-3	      2.040
     24.52E-3	      2.040
     24.54E-3	      2.080
     24.56E-3	      2.120
     24.58E-3	      2.120
     24.60E-3	      2.160
     24.62E-3	      2.160
     24.64E-3	      2.160
     24.66E-3	      2.200
     24.68E-3	      2.200
     24.70E-3	      2.200
     24.72E-3	      2.240
     24.74E-3	      2.240
     24.76E-3	      2.280
     24.78E-3	      2.280
     24.80E-3	      2.280
     24.82E-3	      2.280
     24.84E-3	      2.280
     24.86E-3	      2.320
     24.88E-3	      2.360
     24.90E-3	      2.320
     24.92E-3	      2.360
     24.94E-3	      2.400
     24.96E-3	      2.400
     24.98E-3	      2.400
     25.00E-3	      2.480
     25.02E-3	      2.480
     25.04E-3	      2.480
     25.06E-3	      2.480
     25.08E-3	      2.480
     25.10E-3	      2.520
     25.12E-3	      2.560
     25.14E-3	      2.520
     25.16E-3	      2.560
     25.18E-3	      2.600
     25.20E-3	      2.600
     25.22E-3	      2.600
     25.24E-3	      2.600
     25.26E-3	      2.600
     25.28E-3	      2.600
     25.30E-3	      2.680
     25.32E-3	      2.680
     25.34E-3	      2.680
     25.36E-3	      2.720
     25.38E-3	      2.720
     25.40E-3	      2.720
     25.42E-3	      2.720
     25.44E-3	      2.760
     25.46E-3	      2.760
     25.48E-3	      2.760
     25.50E-3	      2.800
     25.52E-3	      2.800
     25.54E-3	      2.800
     25.56E-3	      2.840
     25.58E-3	      2.840
     25.60E-3	      2.840
     25.62E-3	      2.920
     25.64E-3	      2.920
     25.66E-3	      2.960
     25.68E-3	      2.920
     25.70E-3	      2.920
     25.72E-3	      2.920
     25.74E-3	      2.960
     25.76E-3	      3.000
     25.78E-3	      3.000
     25.80E-3	      3.000
     25.82E-3	      3.040
     25.84E-3	      3.040
     25.86E-3	      3.040
     25.88E-3	      3.080
     25.90E-3	      3.080
     25.92E-3	      3.120
     25.94E-3	      3.120
     25.96E-3	      3.120
     25.98E-3	      3.160
     26.00E-3	      3.200
     26.02E-3	      3.160
     26.04E-3	      3.200
     26.06E-3	      3.240
     26.08E-3	      3.240
     26.10E-3	      3.240
     26.12E-3	      3.280
     26.14E-3	      3.280
     26.16E-3	      3.320
     26.18E-3	      3.320
     26.20E-3	      3.320
     26.22E-3	      3.360
     26.24E-3	      3.360
     26.26E-3	      3.360
     26.28E-3	      3.400
     26.30E-3	      3.400
     26.32E-3	      3.400
     26.34E-3	      3.440
     26.36E-3	      3.440
     26.38E-3	      3.440
     26.40E-3	      3.480
     26.42E-3	      3.480
     26.44E-3	      3.520
     26.46E-3	      3.560
     26.48E-3	      3.520
     26.50E-3	      3.560
     26.52E-3	      3.560
     26.54E-3	      3.560
     26.56E-3	      3.560
     26.58E-3	      3.600
     26.60E-3	      3.600
     26.62E-3	      3.600
     26.64E-3	      3.640
     26.66E-3	      3.640
     26.68E-3	      3.680
     26.70E-3	      3.680
     26.72E-3	      3.720
     26.74E-3	      3.720
     26.76E-3	      3.720
     26.78E-3	      3.760
     26.80E-3	      3.760
     26.82E-3	      3.800
     26.84E-3	      3.800
     26.86E-3	      3.800
     26.88E-3	      3.800
     26.90E-3	      3.840
     26.92E-3	      3.840
     26.94E-3	      3.840
     26.96E-3	      3.880
     26.98E-3	      3.880
     27.00E-3	      3.880
     27.02E-3	      3.920
     27.04E-3	      3.960
     27.06E-3	      4.000
     27.08E-3	      3.960
     27.10E-3	      3.960
     27.12E-3	      4.000
     27.14E-3	      4.000
     27.16E-3	      4.040
     27.18E-3	      4.040
     27.20E-3	      4.040
     27.22E-3	      4.080
     27.24E-3	      4.040
     27.26E-3	      4.080
     27.28E-3	      4.120
     27.30E-3	      4.120
     27.32E-3	      4.160
     27.34E-3	      4.160
     27.36E-3	      4.160
     27.38E-3	      4.160
     27.40E-3	      4.200
     27.42E-3	      4.200
     27.44E-3	      4.240
     27.46E-3	      4.240
     27.48E-3	      4.240
     27.50E-3	      4.280
     27.52E-3	      4.320
     27.54E-3	      4.280
     27.56E-3	      4.320
     27.58E-3	      4.320
     27.60E-3	      4.360
     27.62E-3	      4.400
     27.64E-3	      4.400
     27.66E-3	      4.400
     27.68E-3	      4.440
     27.70E-3	      4.400
     27.72E-3	      4.440
     27.74E-3	      4.440
     27.76E-3	      4.480
     27.78E-3	      4.480
     27.80E-3	      4.480
     27.82E-3	      4.520
     27.84E-3	      4.520
     27.86E-3	      4.520
     27.88E-3	      4.600
     27.90E-3	      4.560
     27.92E-3	      4.600
     27.94E-3	      4.640
     27.96E-3	      4.600
     27.98E-3	      4.640
     28.00E-3	      4.640
     28.02E-3	      4.680
     28.04E-3	      4.680
     28.06E-3	      4.720
     28.08E-3	      4.720
     28.10E-3	      4.720
     28.12E-3	      4.760
     28.14E-3	      4.720
     28.16E-3	      4.760
     28.18E-3	      4.800
     28.20E-3	      4.840
     28.22E-3	      4.840
     28.24E-3	      4.800
     28.26E-3	      4.840
     28.28E-3	      4.880
     28.30E-3	      4.880
     28.32E-3	      4.880
     28.34E-3	      4.920
     28.36E-3	      4.920
     28.38E-3	      4.880
     28.40E-3	      4.960
     28.42E-3	      4.960
     28.44E-3	      4.960
     28.46E-3	      5.000
     28.48E-3	      5.000
     28.50E-3	      5.000
     28.52E-3	      5.040
     28.54E-3	      5.040
     28.56E-3	      5.040
     28.58E-3	      5.080
     28.60E-3	      5.080
     28.62E-3	      5.080
     28.64E-3	      5.080
     28.66E-3	      5.120
     28.68E-3	      5.160
     28.70E-3	      5.120
     28.72E-3	      5.120
     28.74E-3	      5.120
     28.76E-3	      5.080
     28.78E-3	      5.040
     28.80E-3	      5.040
     28.82E-3	      5.080
     28.84E-3	      5.040
     28.86E-3	      5.000
     28.88E-3	      5.000
     28.90E-3	      4.960
     28.92E-3	      4.960
     28.94E-3	      4.960
     28.96E-3	      4.960
     28.98E-3	      4.960
     29.00E-3	      4.880
     29.02E-3	      4.920
     29.04E-3	      4.880
     29.06E-3	      4.880
     29.08E-3	      4.840
     29.10E-3	      4.840
     29.12E-3	      4.840
     29.14E-3	      4.880
     29.16E-3	      4.840
     29.18E-3	      4.800
     29.20E-3	      4.760
     29.22E-3	      4.760
     29.24E-3	      4.720
     29.26E-3	      4.720
     29.28E-3	      4.720
     29.30E-3	      4.720
     29.32E-3	      4.680
     29.34E-3	      4.680
     29.36E-3	      4.640
     29.38E-3	      4.640
     29.40E-3	      4.600
     29.42E-3	      4.640
     29.44E-3	      4.600
     29.46E-3	      4.600
     29.48E-3	      4.560
     29.50E-3	      4.560
     29.52E-3	      4.520
     29.54E-3	      4.520
     29.56E-3	      4.520
     29.58E-3	      4.520
     29.60E-3	      4.480
     29.62E-3	      4.440
     29.64E-3	      4.440
     29.66E-3	      4.440
     29.68E-3	      4.400
     29.70E-3	      4.440
     29.72E-3	      4.400
     29.74E-3	      4.400
     29.76E-3	      4.360
     29.78E-3	      4.360
     29.80E-3	      4.360
     29.82E-3	      4.360
     29.84E-3	      4.280
     29.86E-3	      4.240
     29.88E-3	      4.280
     29.90E-3	      4.280
     29.92E-3	      4.240
     29.94E-3	      4.200
     29.96E-3	      4.200
     29.98E-3	      4.200
     30.00E-3	      4.200
     30.02E-3	      4.160
     30.04E-3	      4.160
     30.06E-3	      4.120
     30.08E-3	      4.120
     30.10E-3	      4.120
     30.12E-3	      4.120
     30.14E-3	      4.040
     30.16E-3	      4.080
     30.18E-3	      4.080
     30.20E-3	      4.080
     30.22E-3	      4.000
     30.24E-3	      4.000
     30.26E-3	      4.000
     30.28E-3	      4.000
     30.30E-3	      3.960
     30.32E-3	      3.920
     30.34E-3	      3.960
     30.36E-3	      3.920
     30.38E-3	      3.920
     30.40E-3	      3.880
     30.42E-3	      3.880
     30.44E-3	      3.880
     30.46E-3	      3.880
     30.48E-3	      3.880
     30.50E-3	      3.800
     30.52E-3	      3.800
     30.54E-3	      3.800
     30.56E-3	      3.760
     30.58E-3	      3.800
     30.60E-3	      3.720
     30.62E-3	      3.720
     30.64E-3	      3.720
     30.66E-3	      3.720
     30.68E-3	      3.680
     30.70E-3	      3.680
     30.72E-3	      3.680
     30.74E-3	      3.640
     30.76E-3	      3.640
     30.78E-3	      3.640
     30.80E-3	      3.600
     30.82E-3	      3.560
     30.84E-3	      3.600
     30.86E-3	      3.560
     30.88E-3	      3.560
     30.90E-3	      3.520
     30.92E-3	      3.480
     30.94E-3	      3.520
     30.96E-3	      3.520
     30.98E-3	      3.480
     31.00E-3	      3.440
     31.02E-3	      3.440
     31.04E-3	      3.400
     31.06E-3	      3.400
     31.08E-3	      3.360
     31.10E-3	      3.400
     31.12E-3	      3.360
     31.14E-3	      3.360
     31.16E-3	      3.320
     31.18E-3	      3.320
     31.20E-3	      3.280
     31.22E-3	      3.280
     31.24E-3	      3.320
     31.26E-3	      3.240
     31.28E-3	      3.240
     31.30E-3	      3.240
     31.32E-3	      3.240
     31.34E-3	      3.200
     31.36E-3	      3.200
     31.38E-3	      3.160
     31.40E-3	      3.160
     31.42E-3	      3.120
     31.44E-3	      3.120
     31.46E-3	      3.120
     31.48E-3	      3.080
     31.50E-3	      3.120
     31.52E-3	      3.040
     31.54E-3	      3.080
     31.56E-3	      3.040
     31.58E-3	      3.040
     31.60E-3	      3.000
     31.62E-3	      3.000
     31.64E-3	      2.960
     31.66E-3	      2.960
     31.68E-3	      2.960
     31.70E-3	      2.920
     31.72E-3	      2.920
     31.74E-3	      2.920
     31.76E-3	      2.880
     31.78E-3	      2.920
     31.80E-3	      2.880
     31.82E-3	      2.840
     31.84E-3	      2.840
     31.86E-3	      2.840
     31.88E-3	      2.800
     31.90E-3	      2.760
     31.92E-3	      2.760
     31.94E-3	      2.760
     31.96E-3	      2.720
     31.98E-3	      2.720
     32.00E-3	      2.720
     32.02E-3	      2.720
     32.04E-3	      2.680
     32.06E-3	      2.680
     32.08E-3	      2.640
     32.10E-3	      2.640
     32.12E-3	      2.640
     32.14E-3	      2.600
     32.16E-3	      2.600
     32.18E-3	      2.600
     32.20E-3	      2.560
     32.22E-3	      2.560
     32.24E-3	      2.520
     32.26E-3	      2.520
     32.28E-3	      2.520
     32.30E-3	      2.480
     32.32E-3	      2.480
     32.34E-3	      2.480
     32.36E-3	      2.440
     32.38E-3	      2.440
     32.40E-3	      2.400
     32.42E-3	      2.400
     32.44E-3	      2.400
     32.46E-3	      2.400
     32.48E-3	      2.360
     32.50E-3	      2.320
     32.52E-3	      2.280
     32.54E-3	      2.320
     32.56E-3	      2.280
     32.58E-3	      2.280
     32.60E-3	      2.280
     32.62E-3	      2.240
     32.64E-3	      2.240
     32.66E-3	      2.240
     32.68E-3	      2.240
     32.70E-3	      2.240
     32.72E-3	      2.160
     32.74E-3	      2.160
     32.76E-3	      2.160
     32.78E-3	      2.160
     32.80E-3	      2.120
     32.82E-3	      2.080
     32.84E-3	      2.120
     32.86E-3	      2.040
     32.88E-3	      2.040
     32.90E-3	      2.080
     32.92E-3	      2.040
     32.94E-3	      2.040
     32.96E-3	      2.000
     32.98E-3	      2.000
     33.00E-3	      2.000
     33.02E-3	      1.960
     33.04E-3	      1.920
     33.06E-3	      1.960
     33.08E-3	      1.920
     33.10E-3	      1.880
     33.12E-3	      1.840
     33.14E-3	      1.880
     33.16E-3	      1.840
     33.18E-3	      1.840
     33.20E-3	      1.800
     33.22E-3	      1.800
     33.24E-3	      1.800
     33.26E-3	      1.760
     33.28E-3	      1.800
     33.30E-3	      1.760
     33.32E-3	      1.760
     33.34E-3	      1.680
     33.36E-3	      1.720
     33.38E-3	      1.720
     33.40E-3	      1.680
     33.42E-3	      1.640
     33.44E-3	      1.640
     33.46E-3	      1.640
     33.48E-3	      1.640
     33.50E-3	      1.600
     33.52E-3	      1.560
     33.54E-3	      1.560
     33.56E-3	      1.520
     33.58E-3	      1.600
     33.60E-3	      1.560
     33.62E-3	      1.480
     33.64E-3	      1.480
     33.66E-3	      1.440
     33.68E-3	      1.480
     33.70E-3	      1.440
     33.72E-3	      1.400
     33.74E-3	      1.440
     33.76E-3	      1.400
     33.78E-3	      1.360
     33.80E-3	      1.400
     33.82E-3	      1.360
     33.84E-3	      1.360
     33.86E-3	      1.360
     33.88E-3	      1.280
     33.90E-3	      1.320
     33.92E-3	      1.320
     33.94E-3	      1.280
     33.96E-3	      1.240
     33.98E-3	      1.240
     34.00E-3	      1.240
     34.02E-3	      1.240
     34.04E-3	      1.240
     34.06E-3	      1.200
     34.08E-3	      1.200
     34.10E-3	      1.200
     34.12E-3	      1.160
     34.14E-3	      1.120
     34.16E-3	      1.120
     34.18E-3	      1.080
     34.20E-3	      1.080
     34.22E-3	      1.080
     34.24E-3	      1.080
     34.26E-3	      1.040
     34.28E-3	      1.040
     34.30E-3	      1.000
     34.32E-3	      1.000
     34.34E-3	      1.000
     34.36E-3	      960.0E-3
     34.38E-3	      960.0E-3
     34.40E-3	      920.0E-3
     34.42E-3	      920.0E-3
     34.44E-3	      920.0E-3
     34.46E-3	      880.0E-3
     34.48E-3	      880.0E-3
     34.50E-3	      880.0E-3
     34.52E-3	      840.0E-3
     34.54E-3	      840.0E-3
     34.56E-3	      800.0E-3
     34.58E-3	      840.0E-3
     34.60E-3	      800.0E-3
     34.62E-3	      760.0E-3
     34.64E-3	      760.0E-3
     34.66E-3	      720.0E-3
     34.68E-3	      720.0E-3
     34.70E-3	      720.0E-3
     34.72E-3	      720.0E-3
     34.74E-3	      680.0E-3
     34.76E-3	      640.0E-3
     34.78E-3	      640.0E-3
     34.80E-3	      640.0E-3
     34.82E-3	      640.0E-3
     34.84E-3	      600.0E-3
     34.86E-3	      600.0E-3
     34.88E-3	      600.0E-3
     34.90E-3	      520.0E-3
     34.92E-3	      560.0E-3
     34.94E-3	      520.0E-3
     34.96E-3	      520.0E-3
     34.98E-3	      520.0E-3
     35.00E-3	      480.0E-3
     35.02E-3	      440.0E-3
     35.04E-3	      480.0E-3
     35.06E-3	      440.0E-3
     35.08E-3	      440.0E-3
     35.10E-3	      440.0E-3
     35.12E-3	      400.0E-3
     35.14E-3	      360.0E-3
     35.16E-3	      400.0E-3
     35.18E-3	      400.0E-3
     35.20E-3	      360.0E-3
     35.22E-3	      320.0E-3
     35.24E-3	      280.0E-3
     35.26E-3	      280.0E-3
     35.28E-3	      320.0E-3
     35.30E-3	      280.0E-3
     35.32E-3	      240.0E-3
     35.34E-3	      240.0E-3
     35.36E-3	      240.0E-3
     35.38E-3	      240.0E-3
     35.40E-3	      200.0E-3
     35.42E-3	      200.0E-3
     35.44E-3	      160.0E-3
     35.46E-3	      120.0E-3
     35.48E-3	      120.0E-3
     35.50E-3	      160.0E-3
     35.52E-3	      80.00E-3
     35.54E-3	      80.00E-3
     35.56E-3	      80.00E-3
     35.58E-3	      80.00E-3
     35.60E-3	      40.00E-3
     35.62E-3	      80.00E-3
     35.64E-3	      40.00E-3
     35.66E-3	     0.0000
     35.68E-3	      40.00E-3
     35.70E-3	      40.00E-3
     35.72E-3	      120.0E-3
     35.74E-3	      120.0E-3
     35.76E-3	      80.00E-3
     35.78E-3	      120.0E-3
     35.80E-3	      120.0E-3
     35.82E-3	      160.0E-3
     35.84E-3	      160.0E-3
     35.86E-3	      160.0E-3
     35.88E-3	      200.0E-3
     35.90E-3	      240.0E-3
     35.92E-3	      240.0E-3
     35.94E-3	      200.0E-3
     35.96E-3	      280.0E-3
     35.98E-3	      280.0E-3
     36.00E-3	      280.0E-3
     36.02E-3	      280.0E-3
     36.04E-3	      280.0E-3
     36.06E-3	      320.0E-3
     36.08E-3	      320.0E-3
     36.10E-3	      320.0E-3
     36.12E-3	      360.0E-3
     36.14E-3	      400.0E-3
     36.16E-3	      440.0E-3
     36.18E-3	      400.0E-3
     36.20E-3	      440.0E-3
     36.22E-3	      440.0E-3
     36.24E-3	      440.0E-3
     36.26E-3	      480.0E-3
     36.28E-3	      480.0E-3
     36.30E-3	      520.0E-3
     36.32E-3	      520.0E-3
     36.34E-3	      520.0E-3
     36.36E-3	      560.0E-3
     36.38E-3	      560.0E-3
     36.40E-3	      560.0E-3
     36.42E-3	      560.0E-3
     36.44E-3	      640.0E-3
     36.46E-3	      600.0E-3
     36.48E-3	      640.0E-3
     36.50E-3	      680.0E-3
     36.52E-3	      680.0E-3
     36.54E-3	      680.0E-3
     36.56E-3	      680.0E-3
     36.58E-3	      720.0E-3
     36.60E-3	      720.0E-3
     36.62E-3	      760.0E-3
     36.64E-3	      720.0E-3
     36.66E-3	      760.0E-3
     36.68E-3	      760.0E-3
     36.70E-3	      840.0E-3
     36.72E-3	      800.0E-3
     36.74E-3	      840.0E-3
     36.76E-3	      800.0E-3
     36.78E-3	      880.0E-3
     36.80E-3	      880.0E-3
     36.82E-3	      880.0E-3
     36.84E-3	      880.0E-3
     36.86E-3	      920.0E-3
     36.88E-3	      920.0E-3
     36.90E-3	      960.0E-3
     36.92E-3	      960.0E-3
     36.94E-3	      1.000
     36.96E-3	      1.000
     36.98E-3	      1.000
     37.00E-3	      1.000
     37.02E-3	      1.040
     37.04E-3	      1.040
     37.06E-3	      1.080
     37.08E-3	      1.080
     37.10E-3	      1.080
     37.12E-3	      1.120
     37.14E-3	      1.080
     37.16E-3	      1.120
     37.18E-3	      1.160
     37.20E-3	      1.160
     37.22E-3	      1.160
     37.24E-3	      1.200
     37.26E-3	      1.200
     37.28E-3	      1.200
     37.30E-3	      1.240
     37.32E-3	      1.240
     37.34E-3	      1.240
     37.36E-3	      1.280
     37.38E-3	      1.280
     37.40E-3	      1.320
     37.42E-3	      1.280
     37.44E-3	      1.320
     37.46E-3	      1.360
     37.48E-3	      1.360
     37.50E-3	      1.400
     37.52E-3	      1.400
     37.54E-3	      1.400
     37.56E-3	      1.400
     37.58E-3	      1.440
     37.60E-3	      1.440
     37.62E-3	      1.440
     37.64E-3	      1.480
     37.66E-3	      1.480
     37.68E-3	      1.520
     37.70E-3	      1.560
     37.72E-3	      1.560
     37.74E-3	      1.560
     37.76E-3	      1.560
     37.78E-3	      1.600
     37.80E-3	      1.600
     37.82E-3	      1.640
     37.84E-3	      1.640
     37.86E-3	      1.640
     37.88E-3	      1.680
     37.90E-3	      1.680
     37.92E-3	      1.680
     37.94E-3	      1.720
     37.96E-3	      1.720
     37.98E-3	      1.720
     38.00E-3	      1.720
     38.02E-3	      1.760
     38.04E-3	      1.760
     38.06E-3	      1.760
     38.08E-3	      1.840
     38.10E-3	      1.840
     38.12E-3	      1.840
     38.14E-3	      1.840
     38.16E-3	      1.880
     38.18E-3	      1.880
     38.20E-3	      1.880
     38.22E-3	      1.920
     38.24E-3	      1.920
     38.26E-3	      1.960
     38.28E-3	      1.960
     38.30E-3	      1.960
     38.32E-3	      2.000
     38.34E-3	      2.000
     38.36E-3	      2.000
     38.38E-3	      2.040
     38.40E-3	      2.040
     38.42E-3	      2.080
     38.44E-3	      2.080
     38.46E-3	      2.120
     38.48E-3	      2.120
     38.50E-3	      2.160
     38.52E-3	      2.120
     38.54E-3	      2.160
     38.56E-3	      2.200
     38.58E-3	      2.160
     38.60E-3	      2.240
     38.62E-3	      2.240
     38.64E-3	      2.200
     38.66E-3	      2.280
     38.68E-3	      2.240
     38.70E-3	      2.280
     38.72E-3	      2.280
     38.74E-3	      2.280
     38.76E-3	      2.320
     38.78E-3	      2.360
     38.80E-3	      2.360
     38.82E-3	      2.360
     38.84E-3	      2.360
     38.86E-3	      2.400
     38.88E-3	      2.400
     38.90E-3	      2.440
     38.92E-3	      2.480
     38.94E-3	      2.440
     38.96E-3	      2.440
     38.98E-3	      2.480
     39.00E-3	      2.520
     39.02E-3	      2.520
     39.04E-3	      2.520
     39.06E-3	      2.520
     39.08E-3	      2.560
     39.10E-3	      2.600
     39.12E-3	      2.600
     39.14E-3	      2.640
     39.16E-3	      2.600
     39.18E-3	      2.640
     39.20E-3	      2.640
     39.22E-3	      2.640
     39.24E-3	      2.680
     39.26E-3	      2.680
     39.28E-3	      2.720
     39.30E-3	      2.720
     39.32E-3	      2.720
     39.34E-3	      2.720
     39.36E-3	      2.760
     39.38E-3	      2.800
     39.40E-3	      2.760
     39.42E-3	      2.840
     39.44E-3	      2.760
     39.46E-3	      2.840
     39.48E-3	      2.840
     39.50E-3	      2.880
     39.52E-3	      2.880
     39.54E-3	      2.880
     39.56E-3	      2.920
     39.58E-3	      2.920
     39.60E-3	      2.920
     39.62E-3	      2.920
     39.64E-3	      3.000
     39.66E-3	      2.960
     39.68E-3	      3.000
     39.70E-3	      3.040
     39.72E-3	      3.040
     39.74E-3	      3.040
     39.76E-3	      3.080
     39.78E-3	      3.080
     39.80E-3	      3.080
     39.82E-3	      3.120
     39.84E-3	      3.080
     39.86E-3	      3.120
     39.88E-3	      3.120
     39.90E-3	      3.160
     39.92E-3	      3.200
     39.94E-3	      3.160
     39.96E-3	      3.160
     39.98E-3	      3.200
     40.00E-3	      3.280
     40.02E-3	      3.240
     40.04E-3	      3.280
     40.06E-3	      3.280
     40.08E-3	      3.280
     40.10E-3	      3.320
     40.12E-3	      3.360
     40.14E-3	      3.360
     40.16E-3	      3.360
     40.18E-3	      3.360
     40.20E-3	      3.360
     40.22E-3	      3.400
     40.24E-3	      3.400
     40.26E-3	      3.440
     40.28E-3	      3.440
     40.30E-3	      3.480
     40.32E-3	      3.480
     40.34E-3	      3.480
     40.36E-3	      3.480
     40.38E-3	      3.520
     40.40E-3	      3.520
     40.42E-3	      3.560
     40.44E-3	      3.560
     40.46E-3	      3.600
     40.48E-3	      3.560
     40.50E-3	      3.600
     40.52E-3	      3.600
     40.54E-3	      3.600
     40.56E-3	      3.640
     40.58E-3	      3.640
     40.60E-3	      3.680
     40.62E-3	      3.720
     40.64E-3	      3.680
     40.66E-3	      3.720
     40.68E-3	      3.720
     40.70E-3	      3.720
     40.72E-3	      3.760
     40.74E-3	      3.800
     40.76E-3	      3.800
     40.78E-3	      3.800
     40.80E-3	      3.800
     40.82E-3	      3.840
     40.84E-3	      3.840
     40.86E-3	      3.800
     40.88E-3	      3.880
     40.90E-3	      3.920
     40.92E-3	      3.920
     40.94E-3	      3.920
     40.96E-3	      3.920
     40.98E-3	      3.960
     41.00E-3	      3.960
     41.02E-3	      3.960
     41.04E-3	      4.000
     41.06E-3	      4.000
     41.08E-3	      4.040
     41.10E-3	      4.040
     41.12E-3	      4.080
     41.14E-3	      4.080
     41.16E-3	      4.080
     41.18E-3	      4.120
     41.20E-3	      4.120
     41.22E-3	      4.120
     41.24E-3	      4.160
     41.26E-3	      4.160
     41.28E-3	      4.160
     41.30E-3	      4.200
     41.32E-3	      4.200
     41.34E-3	      4.200
     41.36E-3	      4.240
     41.38E-3	      4.240
     41.40E-3	      4.280
     41.42E-3	      4.320
     41.44E-3	      4.320
     41.46E-3	      4.280
     41.48E-3	      4.320
     41.50E-3	      4.320
     41.52E-3	      4.400
     41.54E-3	      4.360
     41.56E-3	      4.360
     41.58E-3	      4.400
     41.60E-3	      4.440
     41.62E-3	      4.440
     41.64E-3	      4.440
     41.66E-3	      4.440
     41.68E-3	      4.480
     41.70E-3	      4.440
     41.72E-3	      4.520
     41.74E-3	      4.560
     41.76E-3	      4.560
     41.78E-3	      4.520
     41.80E-3	      4.560
     41.82E-3	      4.560
     41.84E-3	      4.600
     41.86E-3	      4.600
     41.88E-3	      4.600
     41.90E-3	      4.600
     41.92E-3	      4.640
     41.94E-3	      4.640
     41.96E-3	      4.680
     41.98E-3	      4.720
     42.00E-3	      4.680
     42.02E-3	      4.720
     42.04E-3	      4.760
     42.06E-3	      4.760
     42.08E-3	      4.760
     42.10E-3	      4.800
     42.12E-3	      4.800
     42.14E-3	      4.840
     42.16E-3	      4.800
     42.18E-3	      4.840
     42.20E-3	      4.880
     42.22E-3	      4.880
     42.24E-3	      4.880
     42.26E-3	      4.880
     42.28E-3	      4.920
     42.30E-3	      4.920
     42.32E-3	      4.960
     42.34E-3	      4.960
     42.36E-3	      5.000
     42.38E-3	      5.000
     42.40E-3	      5.000
     42.42E-3	      5.040
     42.44E-3	      5.040
     42.46E-3	      5.040
     42.48E-3	      5.080
     42.50E-3	      5.080
     42.52E-3	      5.080
     42.54E-3	      5.120
     42.56E-3	      5.120
     42.58E-3	      5.120
     42.60E-3	      5.120
     42.62E-3	      5.120
     42.64E-3	      5.080
     42.66E-3	      5.120
     42.68E-3	      5.080
     42.70E-3	      5.080
     42.72E-3	      5.040
     42.74E-3	      5.040
     42.76E-3	      5.000
     42.78E-3	      5.000
     42.80E-3	      5.000
     42.82E-3	      4.960
     42.84E-3	      5.000
     42.86E-3	      4.960
     42.88E-3	      4.960
     42.90E-3	      4.920
     42.92E-3	      4.920
     42.94E-3	      4.880
     42.96E-3	      4.920
     42.98E-3	      4.880
     43.00E-3	      4.840
     43.02E-3	      4.880
     43.04E-3	      4.840
     43.06E-3	      4.840
     43.08E-3	      4.800
     43.10E-3	      4.800
     43.12E-3	      4.760
     43.14E-3	      4.760
     43.16E-3	      4.720
     43.18E-3	      4.720
     43.20E-3	      4.720
     43.22E-3	      4.720
     43.24E-3	      4.680
     43.26E-3	      4.640
     43.28E-3	      4.640
     43.30E-3	      4.640
     43.32E-3	      4.640
     43.34E-3	      4.640
     43.36E-3	      4.600
     43.38E-3	      4.600
     43.40E-3	      4.560
     43.42E-3	      4.600
     43.44E-3	      4.520
     43.46E-3	      4.560
     43.48E-3	      4.480
     43.50E-3	      4.480
     43.52E-3	      4.480
     43.54E-3	      4.440
     43.56E-3	      4.440
     43.58E-3	      4.440
     43.60E-3	      4.440
     43.62E-3	      4.400
     43.64E-3	      4.400
     43.66E-3	      4.400
     43.68E-3	      4.360
     43.70E-3	      4.320
     43.72E-3	      4.360
     43.74E-3	      4.360
     43.76E-3	      4.320
     43.78E-3	      4.280
     43.80E-3	      4.320
     43.82E-3	      4.280
     43.84E-3	      4.280
     43.86E-3	      4.240
     43.88E-3	      4.240
     43.90E-3	      4.200
     43.92E-3	      4.200
     43.94E-3	      4.200
     43.96E-3	      4.160
     43.98E-3	      4.120
     44.00E-3	      4.120
     44.02E-3	      4.080
     44.04E-3	      4.080
     44.06E-3	      4.080
     44.08E-3	      4.040
     44.10E-3	      4.000
     44.12E-3	      4.040
     44.14E-3	      4.000
     44.16E-3	      4.000
     44.18E-3	      4.000
     44.20E-3	      4.000
     44.22E-3	      4.000
     44.24E-3	      3.920
     44.26E-3	      3.920
     44.28E-3	      3.920
     44.30E-3	      3.920
     44.32E-3	      3.840
     44.34E-3	      3.880
     44.36E-3	      3.840
     44.38E-3	      3.840
     44.40E-3	      3.840
     44.42E-3	      3.800
     44.44E-3	      3.800
     44.46E-3	      3.760
     44.48E-3	      3.800
     44.50E-3	      3.760
     44.52E-3	      3.720
     44.54E-3	      3.720
     44.56E-3	      3.720
     44.58E-3	      3.680
     44.60E-3	      3.680
     44.62E-3	      3.640
     44.64E-3	      3.640
     44.66E-3	      3.640
     44.68E-3	      3.600
     44.70E-3	      3.600
     44.72E-3	      3.600
     44.74E-3	      3.560
     44.76E-3	      3.560
     44.78E-3	      3.520
     44.80E-3	      3.520
     44.82E-3	      3.520
     44.84E-3	      3.520
     44.86E-3	      3.480
     44.88E-3	      3.480
     44.90E-3	      3.480
     44.92E-3	      3.400
     44.94E-3	      3.440
     44.96E-3	      3.400
     44.98E-3	      3.400
     45.00E-3	      3.360
     45.02E-3	      3.360
     45.04E-3	      3.360
     45.06E-3	      3.360
     45.08E-3	      3.360
     45.10E-3	      3.320
     45.12E-3	      3.280
     45.14E-3	      3.280
     45.16E-3	      3.240
     45.18E-3	      3.280
     45.20E-3	      3.240
     45.22E-3	      3.200
     45.24E-3	      3.240
     45.26E-3	      3.200
     45.28E-3	      3.200
     45.30E-3	      3.160
     45.32E-3	      3.160
     45.34E-3	      3.120
     45.36E-3	      3.120
     45.38E-3	      3.120
     45.40E-3	      3.080
     45.42E-3	      3.080
     45.44E-3	      3.080
     45.46E-3	      3.040
     45.48E-3	      3.040
     45.50E-3	      3.040
     45.52E-3	      3.000
     45.54E-3	      2.960
     45.56E-3	      3.000
     45.58E-3	      2.960
     45.60E-3	      2.960
     45.62E-3	      2.960
     45.64E-3	      2.920
     45.66E-3	      2.920
     45.68E-3	      2.840
     45.70E-3	      2.880
     45.72E-3	      2.840
     45.74E-3	      2.840
     45.76E-3	      2.840
     45.78E-3	      2.800
     45.80E-3	      2.760
     45.82E-3	      2.760
     45.84E-3	      2.760
     45.86E-3	      2.760
     45.88E-3	      2.760
     45.90E-3	      2.720
     45.92E-3	      2.720
     45.94E-3	      2.720
     45.96E-3	      2.680
     45.98E-3	      2.640
     46.00E-3	      2.680
     46.02E-3	      2.640
     46.04E-3	      2.600
     46.06E-3	      2.600
     46.08E-3	      2.600
     46.10E-3	      2.560
     46.12E-3	      2.600
     46.14E-3	      2.560
     46.16E-3	      2.560
     46.18E-3	      2.480
     46.20E-3	      2.520
     46.22E-3	      2.480
     46.24E-3	      2.520
     46.26E-3	      2.480
     46.28E-3	      2.440
     46.30E-3	      2.440
     46.32E-3	      2.440
     46.34E-3	      2.400
     46.36E-3	      2.360
     46.38E-3	      2.400
     46.40E-3	      2.360
     46.42E-3	      2.320
     46.44E-3	      2.280
     46.46E-3	      2.320
     46.48E-3	      2.280
     46.50E-3	      2.280
     46.52E-3	      2.280
     46.54E-3	      2.280
     46.56E-3	      2.240
     46.58E-3	      2.240
     46.60E-3	      2.200
     46.62E-3	      2.200
     46.64E-3	      2.200
     46.66E-3	      2.160
     46.68E-3	      2.160
     46.70E-3	      2.120
     46.72E-3	      2.120
     46.74E-3	      2.080
     46.76E-3	      2.120
     46.78E-3	      2.080
     46.80E-3	      2.080
     46.82E-3	      2.040
     46.84E-3	      2.040
     46.86E-3	      2.040
     46.88E-3	      2.040
     46.90E-3	      1.960
     46.92E-3	      1.960
     46.94E-3	      1.960
     46.96E-3	      1.920
     46.98E-3	      1.920
     47.00E-3	      1.880
     47.02E-3	      1.880
     47.04E-3	      1.840
     47.06E-3	      1.880
     47.08E-3	      1.840
     47.10E-3	      1.840
     47.12E-3	      1.840
     47.14E-3	      1.840
     47.16E-3	      1.800
     47.18E-3	      1.760
     47.20E-3	      1.760
     47.22E-3	      1.760
     47.24E-3	      1.720
     47.26E-3	      1.720
     47.28E-3	      1.720
     47.30E-3	      1.680
     47.32E-3	      1.640
     47.34E-3	      1.640
     47.36E-3	      1.640
     47.38E-3	      1.640
     47.40E-3	      1.600
     47.42E-3	      1.600
     47.44E-3	      1.600
     47.46E-3	      1.560
     47.48E-3	      1.560
     47.50E-3	      1.520
     47.52E-3	      1.520
     47.54E-3	      1.520
     47.56E-3	      1.480
     47.58E-3	      1.480
     47.60E-3	      1.480
     47.62E-3	      1.440
     47.64E-3	      1.480
     47.66E-3	      1.440
     47.68E-3	      1.400
     47.70E-3	      1.360
     47.72E-3	      1.360
     47.74E-3	      1.360
     47.76E-3	      1.360
     47.78E-3	      1.320
     47.80E-3	      1.320
     47.82E-3	      1.280
     47.84E-3	      1.280
     47.86E-3	      1.280
     47.88E-3	      1.240
     47.90E-3	      1.240
     47.92E-3	      1.240
     47.94E-3	      1.200
     47.96E-3	      1.200
     47.98E-3	      1.200
     48.00E-3	      1.200
     48.02E-3	      1.160
     48.04E-3	      1.160
     48.06E-3	      1.160
     48.08E-3	      1.120
     48.10E-3	      1.080
     48.12E-3	      1.080
     48.14E-3	      1.040
     48.16E-3	      1.040
     48.18E-3	      1.000
     48.20E-3	      1.040
     48.22E-3	      1.000
     48.24E-3	      1.000
     48.26E-3	      960.0E-3
     48.28E-3	      960.0E-3
     48.30E-3	      960.0E-3
     48.32E-3	      920.0E-3
     48.34E-3	      920.0E-3
     48.36E-3	      960.0E-3
     48.38E-3	      880.0E-3
     48.40E-3	      840.0E-3
     48.42E-3	      920.0E-3
     48.44E-3	      880.0E-3
     48.46E-3	      840.0E-3
     48.48E-3	      800.0E-3
     48.50E-3	      840.0E-3
     48.52E-3	      760.0E-3
     48.54E-3	      760.0E-3
     48.56E-3	      720.0E-3
     48.58E-3	      760.0E-3
     48.60E-3	      720.0E-3
     48.62E-3	      720.0E-3
     48.64E-3	      680.0E-3
     48.66E-3	      680.0E-3
     48.68E-3	      680.0E-3
     48.70E-3	      600.0E-3
     48.72E-3	      600.0E-3
     48.74E-3	      600.0E-3
     48.76E-3	      600.0E-3
     48.78E-3	      600.0E-3
     48.80E-3	      600.0E-3
     48.82E-3	      560.0E-3
     48.84E-3	      560.0E-3
     48.86E-3	      480.0E-3
     48.88E-3	      520.0E-3
     48.90E-3	      520.0E-3
     48.92E-3	      480.0E-3
     48.94E-3	      440.0E-3
     48.96E-3	      480.0E-3
     48.98E-3	      480.0E-3
     49.00E-3	      400.0E-3
     49.02E-3	      440.0E-3
     49.04E-3	      400.0E-3
     49.06E-3	      360.0E-3
     49.08E-3	      360.0E-3
     49.10E-3	      360.0E-3
     49.12E-3	      320.0E-3
     49.14E-3	      320.0E-3
     49.16E-3	      320.0E-3
     49.18E-3	      320.0E-3
     49.20E-3	      280.0E-3
     49.22E-3	      280.0E-3
     49.24E-3	      240.0E-3
     49.26E-3	      240.0E-3
     49.28E-3	      240.0E-3
     49.30E-3	      200.0E-3
     49.32E-3	      160.0E-3
     49.34E-3	      200.0E-3
     49.36E-3	      160.0E-3
     49.38E-3	      120.0E-3
     49.40E-3	      120.0E-3
     49.42E-3	      120.0E-3
     49.44E-3	      120.0E-3
     49.46E-3	      80.00E-3
     49.48E-3	      80.00E-3
     49.50E-3	      80.00E-3
     49.52E-3	      80.00E-3
     49.54E-3	      40.00E-3
     49.56E-3	      40.00E-3
     49.58E-3	      40.00E-3
     49.60E-3	      40.00E-3
     49.62E-3	      80.00E-3
     49.64E-3	      80.00E-3
     49.66E-3	      80.00E-3
     49.68E-3	      120.0E-3
     49.70E-3	      120.0E-3
     49.72E-3	      120.0E-3
     49.74E-3	      160.0E-3
     49.76E-3	      160.0E-3
     49.78E-3	      200.0E-3
     49.80E-3	      200.0E-3
     49.82E-3	      240.0E-3
     49.84E-3	      200.0E-3
     49.86E-3	      200.0E-3
     49.88E-3	      280.0E-3
     49.90E-3	      280.0E-3
     49.92E-3	      320.0E-3
     49.94E-3	      280.0E-3
     49.96E-3	      320.0E-3
     49.98E-3	      320.0E-3

