0	0.46	0.005
6	1.58	0.005
12	3	0.005
18	4.75	0.005
24	6.44	0.005
30	7.75	0.005
36	8.47	0.005
42	8.62	0.005
48	7.85	0.005
54	6.5	0.005
60	4.85	0.005
66	3.04	0.005
72	1.55	0.002
78	0.44	0.001
84	0.06	0.001
2	0.66	0.005
4	0.99	0.005
8	1.81	0.005
10	2.41	0.005
14	3.51	0.005
16	4.08	0.005
20	5.28	0.01
22	5.87	0.01
26	6.86	0.01
28	7.36	0.01
32	8.06	0.01
34	8.28	0.01
38	8.56	0.01
40	8.52	0.01
44	8.31	0.01
46	8.11	0.02
50	7.48	0.02
52	6.98	0.02
56	5.9	0.02
58	5.47	0.02
62	4.1	0.02
64	3.58	0.01
68	2.5	0.01
70	2.02	0.005
74	1.1	0.002
76	0.74	0.001
80	0.2	0.001
82	0.09	0.001
86	0.1	0.001
88	0.24	0.002
90	0.44	0.002

