Ch 1 (s)	 Ch 1 (Volts)
    0.0000	      1.560
     10.00E-6	      1.560
     20.00E-6	      1.560
     30.00E-6	      1.600
     40.00E-6	      1.560
     50.00E-6	      1.560
     60.00E-6	      1.560
     70.00E-6	      1.600
     80.00E-6	      1.600
     90.00E-6	      1.560
     100.0E-6	      1.560
     110.0E-6	      1.560
     120.0E-6	      1.560
     130.0E-6	      1.600
     140.0E-6	      1.560
     150.0E-6	      1.600
     160.0E-6	      1.640
     170.0E-6	      1.640
     180.0E-6	      1.640
     190.0E-6	      1.640
     200.0E-6	      1.640
     210.0E-6	      1.640
     220.0E-6	      1.600
     230.0E-6	      1.680
     240.0E-6	      1.680
     250.0E-6	      1.640
     260.0E-6	      1.640
     270.0E-6	      1.640
     280.0E-6	      1.680
     290.0E-6	      1.640
     300.0E-6	      1.680
     310.0E-6	      1.680
     320.0E-6	      1.680
     330.0E-6	      1.720
     340.0E-6	      1.680
     350.0E-6	      1.720
     360.0E-6	      1.720
     370.0E-6	      1.680
     380.0E-6	      1.760
     390.0E-6	      1.760
     400.0E-6	      1.680
     410.0E-6	      1.760
     420.0E-6	      1.760
     430.0E-6	      1.760
     440.0E-6	      1.760
     450.0E-6	      1.800
     460.0E-6	      1.760
     470.0E-6	      1.800
     480.0E-6	      1.800
     490.0E-6	      1.760
     500.0E-6	      1.800
     510.0E-6	      1.800
     520.0E-6	      1.840
     530.0E-6	      1.800
     540.0E-6	      1.840
     550.0E-6	      1.800
     560.0E-6	      1.840
     570.0E-6	      1.800
     580.0E-6	      1.880
     590.0E-6	      1.840
     600.0E-6	      1.840
     610.0E-6	      1.840
     620.0E-6	      1.840
     630.0E-6	      1.840
     640.0E-6	      1.840
     650.0E-6	      1.840
     660.0E-6	      1.880
     670.0E-6	      1.840
     680.0E-6	      1.840
     690.0E-6	      1.840
     700.0E-6	      1.880
     710.0E-6	      1.880
     720.0E-6	      1.920
     730.0E-6	      1.920
     740.0E-6	      1.920
     750.0E-6	      1.920
     760.0E-6	      1.960
     770.0E-6	      1.960
     780.0E-6	      1.920
     790.0E-6	      1.920
     800.0E-6	      1.960
     810.0E-6	      2.000
     820.0E-6	      1.960
     830.0E-6	      1.920
     840.0E-6	      1.960
     850.0E-6	      1.960
     860.0E-6	      2.000
     870.0E-6	      2.000
     880.0E-6	      2.000
     890.0E-6	      2.000
     900.0E-6	      2.000
     910.0E-6	      2.000
     920.0E-6	      1.960
     930.0E-6	      2.040
     940.0E-6	      2.000
     950.0E-6	      2.040
     960.0E-6	      2.000
     970.0E-6	      2.040
     980.0E-6	      2.040
     990.0E-6	      2.040
     1000.E-6	      2.040
     1.010E-3	      2.040
     1.020E-3	      2.040
     1.030E-3	      2.040
     1.040E-3	      2.040
     1.050E-3	      2.040
     1.060E-3	      2.040
     1.070E-3	      2.040
     1.080E-3	      2.080
     1.090E-3	      2.080
     1.100E-3	      2.120
     1.110E-3	      2.120
     1.120E-3	      2.080
     1.130E-3	      2.080
     1.140E-3	      2.080
     1.150E-3	      2.120
     1.160E-3	      2.120
     1.170E-3	      2.160
     1.180E-3	      2.120
     1.190E-3	      2.160
     1.200E-3	      2.120
     1.210E-3	      2.120
     1.220E-3	      2.160
     1.230E-3	      2.160
     1.240E-3	      2.160
     1.250E-3	      2.200
     1.260E-3	      2.200
     1.270E-3	      2.160
     1.280E-3	      2.200
     1.290E-3	      2.200
     1.300E-3	      2.200
     1.310E-3	      2.200
     1.320E-3	      2.240
     1.330E-3	      2.200
     1.340E-3	      2.240
     1.350E-3	      2.200
     1.360E-3	      2.240
     1.370E-3	      2.200
     1.380E-3	      2.240
     1.390E-3	      2.240
     1.400E-3	      2.280
     1.410E-3	      2.280
     1.420E-3	      2.280
     1.430E-3	      2.240
     1.440E-3	      2.280
     1.450E-3	      2.240
     1.460E-3	      2.280
     1.470E-3	      2.240
     1.480E-3	      2.240
     1.490E-3	      2.280
     1.500E-3	      2.280
     1.510E-3	      2.280
     1.520E-3	      2.280
     1.530E-3	      2.360
     1.540E-3	      2.320
     1.550E-3	      2.320
     1.560E-3	      2.320
     1.570E-3	      2.320
     1.580E-3	      2.320
     1.590E-3	      2.320
     1.600E-3	      2.360
     1.610E-3	      2.320
     1.620E-3	      2.360
     1.630E-3	      2.360
     1.640E-3	      2.400
     1.650E-3	      2.360
     1.660E-3	      2.360
     1.670E-3	      2.360
     1.680E-3	      2.400
     1.690E-3	      2.400
     1.700E-3	      2.400
     1.710E-3	      2.440
     1.720E-3	      2.400
     1.730E-3	      2.400
     1.740E-3	      2.400
     1.750E-3	      2.440
     1.760E-3	      2.480
     1.770E-3	      2.440
     1.780E-3	      2.440
     1.790E-3	      2.480
     1.800E-3	      2.440
     1.810E-3	      2.440
     1.820E-3	      2.480
     1.830E-3	      2.440
     1.840E-3	      2.480
     1.850E-3	      2.440
     1.860E-3	      2.440
     1.870E-3	      2.520
     1.880E-3	      2.480
     1.890E-3	      2.520
     1.900E-3	      2.480
     1.910E-3	      2.520
     1.920E-3	      2.520
     1.930E-3	      2.520
     1.940E-3	      2.520
     1.950E-3	      2.520
     1.960E-3	      2.520
     1.970E-3	      2.560
     1.980E-3	      2.600
     1.990E-3	      2.560
     2.000E-3	      2.560
     2.010E-3	      2.560
     2.020E-3	      2.560
     2.030E-3	      2.600
     2.040E-3	      2.600
     2.050E-3	      2.600
     2.060E-3	      2.560
     2.070E-3	      2.640
     2.080E-3	      2.600
     2.090E-3	      2.600
     2.100E-3	      2.600
     2.110E-3	      2.600
     2.120E-3	      2.600
     2.130E-3	      2.640
     2.140E-3	      2.640
     2.150E-3	      2.640
     2.160E-3	      2.640
     2.170E-3	      2.600
     2.180E-3	      2.640
     2.190E-3	      2.640
     2.200E-3	      2.640
     2.210E-3	      2.640
     2.220E-3	      2.680
     2.230E-3	      2.680
     2.240E-3	      2.680
     2.250E-3	      2.680
     2.260E-3	      2.680
     2.270E-3	      2.680
     2.280E-3	      2.680
     2.290E-3	      2.720
     2.300E-3	      2.760
     2.310E-3	      2.720
     2.320E-3	      2.720
     2.330E-3	      2.720
     2.340E-3	      2.760
     2.350E-3	      2.720
     2.360E-3	      2.720
     2.370E-3	      2.720
     2.380E-3	      2.760
     2.390E-3	      2.760
     2.400E-3	      2.800
     2.410E-3	      2.760
     2.420E-3	      2.760
     2.430E-3	      2.760
     2.440E-3	      2.800
     2.450E-3	      2.800
     2.460E-3	      2.840
     2.470E-3	      2.800
     2.480E-3	      2.800
     2.490E-3	      2.800
     2.500E-3	      2.800
     2.510E-3	      2.840
     2.520E-3	      2.840
     2.530E-3	      2.800
     2.540E-3	      2.840
     2.550E-3	      2.800
     2.560E-3	      2.840
     2.570E-3	      2.840
     2.580E-3	      2.880
     2.590E-3	      2.880
     2.600E-3	      2.880
     2.610E-3	      2.880
     2.620E-3	      2.840
     2.630E-3	      2.840
     2.640E-3	      2.840
     2.650E-3	      2.840
     2.660E-3	      2.880
     2.670E-3	      2.880
     2.680E-3	      2.920
     2.690E-3	      2.880
     2.700E-3	      2.880
     2.710E-3	      2.920
     2.720E-3	      2.920
     2.730E-3	      2.920
     2.740E-3	      2.920
     2.750E-3	      2.960
     2.760E-3	      2.960
     2.770E-3	      2.920
     2.780E-3	      2.960
     2.790E-3	      2.960
     2.800E-3	      2.960
     2.810E-3	      2.960
     2.820E-3	      3.000
     2.830E-3	      3.000
     2.840E-3	      3.000
     2.850E-3	      3.000
     2.860E-3	      3.000
     2.870E-3	      3.000
     2.880E-3	      3.000
     2.890E-3	      3.000
     2.900E-3	      3.000
     2.910E-3	      3.000
     2.920E-3	      3.000
     2.930E-3	      3.040
     2.940E-3	      3.000
     2.950E-3	      3.040
     2.960E-3	      3.040
     2.970E-3	      3.080
     2.980E-3	      3.040
     2.990E-3	      3.040
     3.000E-3	      3.040
     3.010E-3	      3.080
     3.020E-3	      3.080
     3.030E-3	      3.080
     3.040E-3	      3.080
     3.050E-3	      3.080
     3.060E-3	      3.120
     3.070E-3	      3.080
     3.080E-3	      3.080
     3.090E-3	      3.160
     3.100E-3	      3.080
     3.110E-3	      3.080
     3.120E-3	      3.080
     3.130E-3	      3.120
     3.140E-3	      3.120
     3.150E-3	      3.160
     3.160E-3	      3.160
     3.170E-3	      3.160
     3.180E-3	      3.160
     3.190E-3	      3.160
     3.200E-3	      3.160
     3.210E-3	      3.160
     3.220E-3	      3.200
     3.230E-3	      3.160
     3.240E-3	      3.200
     3.250E-3	      3.200
     3.260E-3	      3.200
     3.270E-3	      3.200
     3.280E-3	      3.240
     3.290E-3	      3.240
     3.300E-3	      3.200
     3.310E-3	      3.200
     3.320E-3	      3.200
     3.330E-3	      3.200
     3.340E-3	      3.200
     3.350E-3	      3.240
     3.360E-3	      3.240
     3.370E-3	      3.240
     3.380E-3	      3.240
     3.390E-3	      3.240
     3.400E-3	      3.280
     3.410E-3	      3.280
     3.420E-3	      3.280
     3.430E-3	      3.280
     3.440E-3	      3.280
     3.450E-3	      3.320
     3.460E-3	      3.280
     3.470E-3	      3.280
     3.480E-3	      3.320
     3.490E-3	      3.320
     3.500E-3	      3.320
     3.510E-3	      3.280
     3.520E-3	      3.320
     3.530E-3	      3.320
     3.540E-3	      3.360
     3.550E-3	      3.320
     3.560E-3	      3.360
     3.570E-3	      3.360
     3.580E-3	      3.320
     3.590E-3	      3.320
     3.600E-3	      3.400
     3.610E-3	      3.360
     3.620E-3	      3.400
     3.630E-3	      3.400
     3.640E-3	      3.360
     3.650E-3	      3.400
     3.660E-3	      3.360
     3.670E-3	      3.400
     3.680E-3	      3.400
     3.690E-3	      3.440
     3.700E-3	      3.400
     3.710E-3	      3.400
     3.720E-3	      3.400
     3.730E-3	      3.400
     3.740E-3	      3.480
     3.750E-3	      3.480
     3.760E-3	      3.440
     3.770E-3	      3.400
     3.780E-3	      3.400
     3.790E-3	      3.480
     3.800E-3	      3.480
     3.810E-3	      3.440
     3.820E-3	      3.440
     3.830E-3	      3.480
     3.840E-3	      3.480
     3.850E-3	      3.480
     3.860E-3	      3.480
     3.870E-3	      3.520
     3.880E-3	      3.520
     3.890E-3	      3.520
     3.900E-3	      3.480
     3.910E-3	      3.520
     3.920E-3	      3.520
     3.930E-3	      3.520
     3.940E-3	      3.520
     3.950E-3	      3.560
     3.960E-3	      3.520
     3.970E-3	      3.560
     3.980E-3	      3.560
     3.990E-3	      3.560
     4.000E-3	      3.600
     4.010E-3	      3.520
     4.020E-3	      3.560
     4.030E-3	      3.600
     4.040E-3	      3.600
     4.050E-3	      3.600
     4.060E-3	      3.600
     4.070E-3	      3.640
     4.080E-3	      3.560
     4.090E-3	      3.600
     4.100E-3	      3.600
     4.110E-3	      3.680
     4.120E-3	      3.600
     4.130E-3	      3.600
     4.140E-3	      3.640
     4.150E-3	      3.640
     4.160E-3	      3.640
     4.170E-3	      3.640
     4.180E-3	      3.640
     4.190E-3	      3.680
     4.200E-3	      3.640
     4.210E-3	      3.680
     4.220E-3	      3.680
     4.230E-3	      3.680
     4.240E-3	      3.720
     4.250E-3	      3.680
     4.260E-3	      3.720
     4.270E-3	      3.720
     4.280E-3	      3.680
     4.290E-3	      3.720
     4.300E-3	      3.760
     4.310E-3	      3.720
     4.320E-3	      3.720
     4.330E-3	      3.720
     4.340E-3	      3.720
     4.350E-3	      3.760
     4.360E-3	      3.760
     4.370E-3	      3.720
     4.380E-3	      3.760
     4.390E-3	      3.760
     4.400E-3	      3.760
     4.410E-3	      3.760
     4.420E-3	      3.800
     4.430E-3	      3.800
     4.440E-3	      3.800
     4.450E-3	      3.760
     4.460E-3	      3.800
     4.470E-3	      3.800
     4.480E-3	      3.800
     4.490E-3	      3.800
     4.500E-3	      3.800
     4.510E-3	      3.800
     4.520E-3	      3.800
     4.530E-3	      3.800
     4.540E-3	      3.840
     4.550E-3	      3.800
     4.560E-3	      3.840
     4.570E-3	      3.840
     4.580E-3	      3.880
     4.590E-3	      3.840
     4.600E-3	      3.840
     4.610E-3	      3.880
     4.620E-3	      3.880
     4.630E-3	      3.840
     4.640E-3	      3.880
     4.650E-3	      3.920
     4.660E-3	      3.920
     4.670E-3	      3.880
     4.680E-3	      3.920
     4.690E-3	      3.920
     4.700E-3	      3.920
     4.710E-3	      3.920
     4.720E-3	      3.960
     4.730E-3	      3.960
     4.740E-3	      3.920
     4.750E-3	      3.920
     4.760E-3	      3.920
     4.770E-3	      3.960
     4.780E-3	      3.960
     4.790E-3	      3.960
     4.800E-3	      4.000
     4.810E-3	      3.960
     4.820E-3	      3.960
     4.830E-3	      3.960
     4.840E-3	      4.000
     4.850E-3	      4.000
     4.860E-3	      4.040
     4.870E-3	      4.000
     4.880E-3	      4.000
     4.890E-3	      4.000
     4.900E-3	      4.040
     4.910E-3	      4.040
     4.920E-3	      4.000
     4.930E-3	      4.040
     4.940E-3	      4.040
     4.950E-3	      4.040
     4.960E-3	      4.000
     4.970E-3	      4.040
     4.980E-3	      4.000
     4.990E-3	      4.080
     5.000E-3	      4.040
     5.010E-3	      4.120
     5.020E-3	      4.080
     5.030E-3	      4.080
     5.040E-3	      4.080
     5.050E-3	      4.120
     5.060E-3	      4.080
     5.070E-3	      4.120
     5.080E-3	      4.080
     5.090E-3	      4.120
     5.100E-3	      4.160
     5.110E-3	      4.120
     5.120E-3	      4.160
     5.130E-3	      4.160
     5.140E-3	      4.160
     5.150E-3	      4.120
     5.160E-3	      4.160
     5.170E-3	      4.160
     5.180E-3	      4.160
     5.190E-3	      4.160
     5.200E-3	      4.160
     5.210E-3	      4.200
     5.220E-3	      4.160
     5.230E-3	      4.160
     5.240E-3	      4.200
     5.250E-3	      4.160
     5.260E-3	      4.200
     5.270E-3	      4.200
     5.280E-3	      4.200
     5.290E-3	      4.200
     5.300E-3	      4.240
     5.310E-3	      4.200
     5.320E-3	      4.240
     5.330E-3	      4.240
     5.340E-3	      4.240
     5.350E-3	      4.240
     5.360E-3	      4.280
     5.370E-3	      4.240
     5.380E-3	      4.280
     5.390E-3	      4.280
     5.400E-3	      4.280
     5.410E-3	      4.320
     5.420E-3	      4.280
     5.430E-3	      4.280
     5.440E-3	      4.280
     5.450E-3	      4.240
     5.460E-3	      4.280
     5.470E-3	      4.320
     5.480E-3	      4.320
     5.490E-3	      4.320
     5.500E-3	      4.320
     5.510E-3	      4.320
     5.520E-3	      4.320
     5.530E-3	      4.320
     5.540E-3	      4.360
     5.550E-3	      4.360
     5.560E-3	      4.320
     5.570E-3	      4.360
     5.580E-3	      4.360
     5.590E-3	      4.360
     5.600E-3	      4.360
     5.610E-3	      4.360
     5.620E-3	      4.360
     5.630E-3	      4.400
     5.640E-3	      4.360
     5.650E-3	      4.400
     5.660E-3	      4.400
     5.670E-3	      4.400
     5.680E-3	      4.440
     5.690E-3	      4.400
     5.700E-3	      4.440
     5.710E-3	      4.480
     5.720E-3	      4.440
     5.730E-3	      4.440
     5.740E-3	      4.440
     5.750E-3	      4.480
     5.760E-3	      4.440
     5.770E-3	      4.480
     5.780E-3	      4.440
     5.790E-3	      4.400
     5.800E-3	      4.480
     5.810E-3	      4.520
     5.820E-3	      4.480
     5.830E-3	      4.480
     5.840E-3	      4.520
     5.850E-3	      4.520
     5.860E-3	      4.480
     5.870E-3	      4.520
     5.880E-3	      4.560
     5.890E-3	      4.560
     5.900E-3	      4.560
     5.910E-3	      4.560
     5.920E-3	      4.560
     5.930E-3	      4.560
     5.940E-3	      4.560
     5.950E-3	      4.560
     5.960E-3	      4.560
     5.970E-3	      4.560
     5.980E-3	      4.560
     5.990E-3	      4.560
     6.000E-3	      4.560
     6.010E-3	      4.600
     6.020E-3	      4.640
     6.030E-3	      4.640
     6.040E-3	      4.600
     6.050E-3	      4.640
     6.060E-3	      4.640
     6.070E-3	      4.640
     6.080E-3	      4.600
     6.090E-3	      4.600
     6.100E-3	      4.640
     6.110E-3	      4.640
     6.120E-3	      4.640
     6.130E-3	      4.640
     6.140E-3	      4.680
     6.150E-3	      4.680
     6.160E-3	      4.680
     6.170E-3	      4.680
     6.180E-3	      4.680
     6.190E-3	      4.680
     6.200E-3	      4.720
     6.210E-3	      4.680
     6.220E-3	      4.680
     6.230E-3	      4.680
     6.240E-3	      4.720
     6.250E-3	      4.720
     6.260E-3	      4.720
     6.270E-3	      4.720
     6.280E-3	      4.720
     6.290E-3	      4.760
     6.300E-3	      4.720
     6.310E-3	      4.720
     6.320E-3	      4.760
     6.330E-3	      4.720
     6.340E-3	      4.800
     6.350E-3	      4.760
     6.360E-3	      4.760
     6.370E-3	      4.760
     6.380E-3	      4.760
     6.390E-3	      4.800
     6.400E-3	      4.800
     6.410E-3	      4.800
     6.420E-3	      4.800
     6.430E-3	      4.800
     6.440E-3	      4.800
     6.450E-3	      4.800
     6.460E-3	      4.840
     6.470E-3	      4.840
     6.480E-3	      4.840
     6.490E-3	      4.840
     6.500E-3	      4.840
     6.510E-3	      4.840
     6.520E-3	      4.800
     6.530E-3	      4.840
     6.540E-3	      4.880
     6.550E-3	      4.840
     6.560E-3	      4.880
     6.570E-3	      4.840
     6.580E-3	      4.880
     6.590E-3	      4.840
     6.600E-3	      4.840
     6.610E-3	      4.920
     6.620E-3	      4.920
     6.630E-3	      4.920
     6.640E-3	      4.920
     6.650E-3	      4.920
     6.660E-3	      4.920
     6.670E-3	      4.960
     6.680E-3	      4.920
     6.690E-3	      4.960
     6.700E-3	      4.960
     6.710E-3	      4.960
     6.720E-3	      4.960
     6.730E-3	      4.960
     6.740E-3	      4.960
     6.750E-3	      4.960
     6.760E-3	      4.960
     6.770E-3	      4.960
     6.780E-3	      5.000
     6.790E-3	      5.000
     6.800E-3	      5.000
     6.810E-3	      5.000
     6.820E-3	      5.000
     6.830E-3	      5.000
     6.840E-3	      4.960
     6.850E-3	      5.000
     6.860E-3	      5.000
     6.870E-3	      5.040
     6.880E-3	      5.000
     6.890E-3	      5.040
     6.900E-3	      5.040
     6.910E-3	      5.040
     6.920E-3	      5.080
     6.930E-3	      5.080
     6.940E-3	      5.080
     6.950E-3	      5.080
     6.960E-3	      5.080
     6.970E-3	      5.040
     6.980E-3	      5.040
     6.990E-3	      5.120
     7.000E-3	      5.080
     7.010E-3	      5.080
     7.020E-3	      5.120
     7.030E-3	      5.120
     7.040E-3	      160.0E-3
     7.050E-3	      40.00E-3
     7.060E-3	      40.00E-3
     7.070E-3	      40.00E-3
     7.080E-3	      80.00E-3
     7.090E-3	      80.00E-3
     7.100E-3	      80.00E-3
     7.110E-3	      80.00E-3
     7.120E-3	      120.0E-3
     7.130E-3	      80.00E-3
     7.140E-3	      80.00E-3
     7.150E-3	      80.00E-3
     7.160E-3	      80.00E-3
     7.170E-3	      80.00E-3
     7.180E-3	      80.00E-3
     7.190E-3	      80.00E-3
     7.200E-3	      120.0E-3
     7.210E-3	      120.0E-3
     7.220E-3	      120.0E-3
     7.230E-3	      120.0E-3
     7.240E-3	      120.0E-3
     7.250E-3	      160.0E-3
     7.260E-3	      120.0E-3
     7.270E-3	      120.0E-3
     7.280E-3	      160.0E-3
     7.290E-3	      160.0E-3
     7.300E-3	      120.0E-3
     7.310E-3	      120.0E-3
     7.320E-3	      160.0E-3
     7.330E-3	      160.0E-3
     7.340E-3	      200.0E-3
     7.350E-3	      80.00E-3
     7.360E-3	      200.0E-3
     7.370E-3	      160.0E-3
     7.380E-3	      200.0E-3
     7.390E-3	      200.0E-3
     7.400E-3	      240.0E-3
     7.410E-3	      200.0E-3
     7.420E-3	      200.0E-3
     7.430E-3	      200.0E-3
     7.440E-3	      240.0E-3
     7.450E-3	      200.0E-3
     7.460E-3	      240.0E-3
     7.470E-3	      240.0E-3
     7.480E-3	      240.0E-3
     7.490E-3	      240.0E-3
     7.500E-3	      280.0E-3
     7.510E-3	      280.0E-3
     7.520E-3	      240.0E-3
     7.530E-3	      280.0E-3
     7.540E-3	      280.0E-3
     7.550E-3	      280.0E-3
     7.560E-3	      320.0E-3
     7.570E-3	      280.0E-3
     7.580E-3	      280.0E-3
     7.590E-3	      280.0E-3
     7.600E-3	      280.0E-3
     7.610E-3	      320.0E-3
     7.620E-3	      320.0E-3
     7.630E-3	      280.0E-3
     7.640E-3	      320.0E-3
     7.650E-3	      320.0E-3
     7.660E-3	      320.0E-3
     7.670E-3	      320.0E-3
     7.680E-3	      360.0E-3
     7.690E-3	      360.0E-3
     7.700E-3	      320.0E-3
     7.710E-3	      360.0E-3
     7.720E-3	      360.0E-3
     7.730E-3	      400.0E-3
     7.740E-3	      360.0E-3
     7.750E-3	      400.0E-3
     7.760E-3	      400.0E-3
     7.770E-3	      440.0E-3
     7.780E-3	      400.0E-3
     7.790E-3	      400.0E-3
     7.800E-3	      400.0E-3
     7.810E-3	      400.0E-3
     7.820E-3	      440.0E-3
     7.830E-3	      400.0E-3
     7.840E-3	      440.0E-3
     7.850E-3	      400.0E-3
     7.860E-3	      440.0E-3
     7.870E-3	      440.0E-3
     7.880E-3	      440.0E-3
     7.890E-3	      440.0E-3
     7.900E-3	      440.0E-3
     7.910E-3	      480.0E-3
     7.920E-3	      440.0E-3
     7.930E-3	      440.0E-3
     7.940E-3	      480.0E-3
     7.950E-3	      480.0E-3
     7.960E-3	      480.0E-3
     7.970E-3	      440.0E-3
     7.980E-3	      520.0E-3
     7.990E-3	      520.0E-3
     8.000E-3	      520.0E-3
     8.010E-3	      480.0E-3
     8.020E-3	      520.0E-3
     8.030E-3	      520.0E-3
     8.040E-3	      520.0E-3
     8.050E-3	      520.0E-3
     8.060E-3	      520.0E-3
     8.070E-3	      560.0E-3
     8.080E-3	      560.0E-3
     8.090E-3	      560.0E-3
     8.100E-3	      560.0E-3
     8.110E-3	      560.0E-3
     8.120E-3	      600.0E-3
     8.130E-3	      600.0E-3
     8.140E-3	      560.0E-3
     8.150E-3	      600.0E-3
     8.160E-3	      600.0E-3
     8.170E-3	      600.0E-3
     8.180E-3	      600.0E-3
     8.190E-3	      640.0E-3
     8.200E-3	      600.0E-3
     8.210E-3	      640.0E-3
     8.220E-3	      640.0E-3
     8.230E-3	      640.0E-3
     8.240E-3	      640.0E-3
     8.250E-3	      640.0E-3
     8.260E-3	      640.0E-3
     8.270E-3	      680.0E-3
     8.280E-3	      680.0E-3
     8.290E-3	      640.0E-3
     8.300E-3	      680.0E-3
     8.310E-3	      640.0E-3
     8.320E-3	      680.0E-3
     8.330E-3	      720.0E-3
     8.340E-3	      680.0E-3
     8.350E-3	      680.0E-3
     8.360E-3	      680.0E-3
     8.370E-3	      720.0E-3
     8.380E-3	      720.0E-3
     8.390E-3	      720.0E-3
     8.400E-3	      720.0E-3
     8.410E-3	      720.0E-3
     8.420E-3	      760.0E-3
     8.430E-3	      720.0E-3
     8.440E-3	      720.0E-3
     8.450E-3	      760.0E-3
     8.460E-3	      760.0E-3
     8.470E-3	      720.0E-3
     8.480E-3	      720.0E-3
     8.490E-3	      760.0E-3
     8.500E-3	      760.0E-3
     8.510E-3	      760.0E-3
     8.520E-3	      800.0E-3
     8.530E-3	      800.0E-3
     8.540E-3	      800.0E-3
     8.550E-3	      760.0E-3
     8.560E-3	      800.0E-3
     8.570E-3	      800.0E-3
     8.580E-3	      800.0E-3
     8.590E-3	      800.0E-3
     8.600E-3	      800.0E-3
     8.610E-3	      800.0E-3
     8.620E-3	      760.0E-3
     8.630E-3	      840.0E-3
     8.640E-3	      840.0E-3
     8.650E-3	      880.0E-3
     8.660E-3	      840.0E-3
     8.670E-3	      840.0E-3
     8.680E-3	      840.0E-3
     8.690E-3	      840.0E-3
     8.700E-3	      840.0E-3
     8.710E-3	      840.0E-3
     8.720E-3	      880.0E-3
     8.730E-3	      840.0E-3
     8.740E-3	      880.0E-3
     8.750E-3	      880.0E-3
     8.760E-3	      880.0E-3
     8.770E-3	      880.0E-3
     8.780E-3	      880.0E-3
     8.790E-3	      880.0E-3
     8.800E-3	      920.0E-3
     8.810E-3	      920.0E-3
     8.820E-3	      920.0E-3
     8.830E-3	      920.0E-3
     8.840E-3	      960.0E-3
     8.850E-3	      920.0E-3
     8.860E-3	      920.0E-3
     8.870E-3	      960.0E-3
     8.880E-3	      1.000
     8.890E-3	      960.0E-3
     8.900E-3	      1.000
     8.910E-3	      920.0E-3
     8.920E-3	      1.000
     8.930E-3	      1.000
     8.940E-3	      1.040
     8.950E-3	      1.040
     8.960E-3	      1.000
     8.970E-3	      1.040
     8.980E-3	      1.000
     8.990E-3	      1.040
     9.000E-3	      1.000
     9.010E-3	      1.040
     9.020E-3	      1.040
     9.030E-3	      1.040
     9.040E-3	      1.040
     9.050E-3	      1.040
     9.060E-3	      1.080
     9.070E-3	      1.040
     9.080E-3	      1.040
     9.090E-3	      1.080
     9.100E-3	      1.080
     9.110E-3	      1.040
     9.120E-3	      1.080
     9.130E-3	      1.080
     9.140E-3	      1.080
     9.150E-3	      1.080
     9.160E-3	      1.120
     9.170E-3	      1.080
     9.180E-3	      1.080
     9.190E-3	      1.080
     9.200E-3	      1.160
     9.210E-3	      1.120
     9.220E-3	      1.120
     9.230E-3	      1.120
     9.240E-3	      1.160
     9.250E-3	      1.160
     9.260E-3	      1.120
     9.270E-3	      1.200
     9.280E-3	      1.160
     9.290E-3	      1.200
     9.300E-3	      1.160
     9.310E-3	      1.160
     9.320E-3	      1.160
     9.330E-3	      1.160
     9.340E-3	      1.200
     9.350E-3	      1.200
     9.360E-3	      1.240
     9.370E-3	      1.200
     9.380E-3	      1.200
     9.390E-3	      1.240
     9.400E-3	      1.240
     9.410E-3	      1.240
     9.420E-3	      1.200
     9.430E-3	      1.240
     9.440E-3	      1.240
     9.450E-3	      1.240
     9.460E-3	      1.240
     9.470E-3	      1.280
     9.480E-3	      1.280
     9.490E-3	      1.240
     9.500E-3	      1.240
     9.510E-3	      1.280
     9.520E-3	      1.280
     9.530E-3	      1.280
     9.540E-3	      1.240
     9.550E-3	      1.320
     9.560E-3	      1.320
     9.570E-3	      1.280
     9.580E-3	      1.280
     9.590E-3	      1.320
     9.600E-3	      1.320
     9.610E-3	      1.320
     9.620E-3	      1.320
     9.630E-3	      1.360
     9.640E-3	      1.320
     9.650E-3	      1.360
     9.660E-3	      1.360
     9.670E-3	      1.360
     9.680E-3	      1.360
     9.690E-3	      1.360
     9.700E-3	      1.360
     9.710E-3	      1.400
     9.720E-3	      1.400
     9.730E-3	      1.360
     9.740E-3	      1.400
     9.750E-3	      1.440
     9.760E-3	      1.400
     9.770E-3	      1.400
     9.780E-3	      1.400
     9.790E-3	      1.440
     9.800E-3	      1.400
     9.810E-3	      1.440
     9.820E-3	      1.440
     9.830E-3	      1.480
     9.840E-3	      1.440
     9.850E-3	      1.440
     9.860E-3	      1.480
     9.870E-3	      1.440
     9.880E-3	      1.480
     9.890E-3	      1.440
     9.900E-3	      1.480
     9.910E-3	      1.480
     9.920E-3	      1.480
     9.930E-3	      1.480
     9.940E-3	      1.520
     9.950E-3	      1.480
     9.960E-3	      1.520
     9.970E-3	      1.480
     9.980E-3	      1.520
     9.990E-3	      1.520
     10.00E-3	      1.520
     10.01E-3	      1.520
     10.02E-3	      1.520
     10.03E-3	      1.520
     10.04E-3	      1.520
     10.05E-3	      1.520
     10.06E-3	      1.520
     10.07E-3	      1.560
     10.08E-3	      1.560
     10.09E-3	      1.560
     10.10E-3	      1.600
     10.11E-3	      1.600
     10.12E-3	      1.600
     10.13E-3	      1.600
     10.14E-3	      1.600
     10.15E-3	      1.600
     10.16E-3	      1.600
     10.17E-3	      1.600
     10.18E-3	      1.640
     10.19E-3	      1.640
     10.20E-3	      1.640
     10.21E-3	      1.640
     10.22E-3	      1.640
     10.23E-3	      1.640
     10.24E-3	      1.640
     10.25E-3	      1.640
     10.26E-3	      1.640
     10.27E-3	      1.640
     10.28E-3	      1.680
     10.29E-3	      1.680
     10.30E-3	      1.680
     10.31E-3	      1.680
     10.32E-3	      1.680
     10.33E-3	      1.720
     10.34E-3	      1.680
     10.35E-3	      1.680
     10.36E-3	      1.680
     10.37E-3	      1.680
     10.38E-3	      1.720
     10.39E-3	      1.720
     10.40E-3	      1.680
     10.41E-3	      1.760
     10.42E-3	      1.760
     10.43E-3	      1.720
     10.44E-3	      1.760
     10.45E-3	      1.760
     10.46E-3	      1.720
     10.47E-3	      1.760
     10.48E-3	      1.760
     10.49E-3	      1.720
     10.50E-3	      1.800
     10.51E-3	      1.720
     10.52E-3	      1.800
     10.53E-3	      1.800
     10.54E-3	      1.800
     10.55E-3	      1.800
     10.56E-3	      1.800
     10.57E-3	      1.800
     10.58E-3	      1.800
     10.59E-3	      1.840
     10.60E-3	      1.800
     10.61E-3	      1.840
     10.62E-3	      1.840
     10.63E-3	      1.840
     10.64E-3	      1.840
     10.65E-3	      1.880
     10.66E-3	      1.840
     10.67E-3	      1.840
     10.68E-3	      1.880
     10.69E-3	      1.840
     10.70E-3	      1.880
     10.71E-3	      1.880
     10.72E-3	      1.920
     10.73E-3	      1.880
     10.74E-3	      1.840
     10.75E-3	      1.920
     10.76E-3	      1.920
     10.77E-3	      1.920
     10.78E-3	      1.880
     10.79E-3	      1.960
     10.80E-3	      1.920
     10.81E-3	      1.920
     10.82E-3	      1.920
     10.83E-3	      1.960
     10.84E-3	      1.960
     10.85E-3	      1.920
     10.86E-3	      1.960
     10.87E-3	      1.960
     10.88E-3	      2.000
     10.89E-3	      1.960
     10.90E-3	      2.000
     10.91E-3	      1.960
     10.92E-3	      2.000
     10.93E-3	      2.000
     10.94E-3	      2.000
     10.95E-3	      2.000
     10.96E-3	      2.040
     10.97E-3	      2.040
     10.98E-3	      2.040
     10.99E-3	      2.000
     11.00E-3	      2.080
     11.01E-3	      2.040
     11.02E-3	      2.040
     11.03E-3	      2.040
     11.04E-3	      2.040
     11.05E-3	      2.040
     11.06E-3	      2.040
     11.07E-3	      2.080
     11.08E-3	      2.080
     11.09E-3	      2.040
     11.10E-3	      2.080
     11.11E-3	      2.080
     11.12E-3	      2.120
     11.13E-3	      2.080
     11.14E-3	      2.080
     11.15E-3	      2.080
     11.16E-3	      2.120
     11.17E-3	      2.120
     11.18E-3	      2.120
     11.19E-3	      2.120
     11.20E-3	      2.120
     11.21E-3	      2.160
     11.22E-3	      2.160
     11.23E-3	      2.200
     11.24E-3	      2.160
     11.25E-3	      2.120
     11.26E-3	      2.160
     11.27E-3	      2.160
     11.28E-3	      2.160
     11.29E-3	      2.160
     11.30E-3	      2.200
     11.31E-3	      2.200
     11.32E-3	      2.160
     11.33E-3	      2.200
     11.34E-3	      2.160
     11.35E-3	      2.240
     11.36E-3	      2.200
     11.37E-3	      2.200
     11.38E-3	      2.200
     11.39E-3	      2.240
     11.40E-3	      2.240
     11.41E-3	      2.240
     11.42E-3	      2.240
     11.43E-3	      2.240
     11.44E-3	      2.280
     11.45E-3	      2.240
     11.46E-3	      2.240
     11.47E-3	      2.240
     11.48E-3	      2.280
     11.49E-3	      2.320
     11.50E-3	      2.280
     11.51E-3	      2.280
     11.52E-3	      2.360
     11.53E-3	      2.320
     11.54E-3	      2.280
     11.55E-3	      2.280
     11.56E-3	      2.320
     11.57E-3	      2.320
     11.58E-3	      2.360
     11.59E-3	      2.360
     11.60E-3	      2.320
     11.61E-3	      2.320
     11.62E-3	      2.320
     11.63E-3	      2.360
     11.64E-3	      2.360
     11.65E-3	      2.360
     11.66E-3	      2.400
     11.67E-3	      2.400
     11.68E-3	      2.400
     11.69E-3	      2.360
     11.70E-3	      2.400
     11.71E-3	      2.400
     11.72E-3	      2.440
     11.73E-3	      2.400
     11.74E-3	      2.400
     11.75E-3	      2.400
     11.76E-3	      2.440
     11.77E-3	      2.400
     11.78E-3	      2.440
     11.79E-3	      2.440
     11.80E-3	      2.440
     11.81E-3	      2.480
     11.82E-3	      2.480
     11.83E-3	      2.440
     11.84E-3	      2.480
     11.85E-3	      2.400
     11.86E-3	      2.520
     11.87E-3	      2.480
     11.88E-3	      2.440
     11.89E-3	      2.480
     11.90E-3	      2.520
     11.91E-3	      2.520
     11.92E-3	      2.480
     11.93E-3	      2.520
     11.94E-3	      2.520
     11.95E-3	      2.520
     11.96E-3	      2.520
     11.97E-3	      2.520
     11.98E-3	      2.520
     11.99E-3	      2.560
     12.00E-3	      2.560
     12.01E-3	      2.520
     12.02E-3	      2.560
     12.03E-3	      2.560
     12.04E-3	      2.560
     12.05E-3	      2.600
     12.06E-3	      2.560
     12.07E-3	      2.560
     12.08E-3	      2.560
     12.09E-3	      2.600
     12.10E-3	      2.600
     12.11E-3	      2.560
     12.12E-3	      2.560
     12.13E-3	      2.600
     12.14E-3	      2.600
     12.15E-3	      2.600
     12.16E-3	      2.600
     12.17E-3	      2.640
     12.18E-3	      2.600
     12.19E-3	      2.640
     12.20E-3	      2.680
     12.21E-3	      2.680
     12.22E-3	      2.640
     12.23E-3	      2.640
     12.24E-3	      2.640
     12.25E-3	      2.680
     12.26E-3	      2.680
     12.27E-3	      2.640
     12.28E-3	      2.680
     12.29E-3	      2.720
     12.30E-3	      2.680
     12.31E-3	      2.680
     12.32E-3	      2.680
     12.33E-3	      2.720
     12.34E-3	      2.760
     12.35E-3	      2.720
     12.36E-3	      2.720
     12.37E-3	      2.720
     12.38E-3	      2.760
     12.39E-3	      2.720
     12.40E-3	      2.720
     12.41E-3	      2.760
     12.42E-3	      2.760
     12.43E-3	      2.760
     12.44E-3	      2.720
     12.45E-3	      2.800
     12.46E-3	      2.760
     12.47E-3	      2.760
     12.48E-3	      2.760
     12.49E-3	      2.800
     12.50E-3	      2.760
     12.51E-3	      2.800
     12.52E-3	      2.800
     12.53E-3	      2.800
     12.54E-3	      2.840
     12.55E-3	      2.800
     12.56E-3	      2.800
     12.57E-3	      2.800
     12.58E-3	      2.840
     12.59E-3	      2.800
     12.60E-3	      2.880
     12.61E-3	      2.840
     12.62E-3	      2.840
     12.63E-3	      2.840
     12.64E-3	      2.880
     12.65E-3	      2.840
     12.66E-3	      2.880
     12.67E-3	      2.880
     12.68E-3	      2.920
     12.69E-3	      2.880
     12.70E-3	      2.880
     12.71E-3	      2.880
     12.72E-3	      2.920
     12.73E-3	      2.880
     12.74E-3	      2.920
     12.75E-3	      2.880
     12.76E-3	      2.960
     12.77E-3	      2.960
     12.78E-3	      2.960
     12.79E-3	      2.920
     12.80E-3	      2.960
     12.81E-3	      2.960
     12.82E-3	      2.960
     12.83E-3	      3.000
     12.84E-3	      2.960
     12.85E-3	      3.000
     12.86E-3	      2.960
     12.87E-3	      3.000
     12.88E-3	      3.000
     12.89E-3	      3.000
     12.90E-3	      3.000
     12.91E-3	      3.000
     12.92E-3	      3.000
     12.93E-3	      3.000
     12.94E-3	      3.000
     12.95E-3	      3.000
     12.96E-3	      3.040
     12.97E-3	      3.000
     12.98E-3	      3.080
     12.99E-3	      3.040
     13.00E-3	      3.040
     13.01E-3	      3.040
     13.02E-3	      3.040
     13.03E-3	      3.040
     13.04E-3	      3.040
     13.05E-3	      3.120
     13.06E-3	      3.040
     13.07E-3	      3.080
     13.08E-3	      3.080
     13.09E-3	      3.080
     13.10E-3	      3.120
     13.11E-3	      3.040
     13.12E-3	      3.120
     13.13E-3	      3.120
     13.14E-3	      3.120
     13.15E-3	      3.120
     13.16E-3	      3.120
     13.17E-3	      3.120
     13.18E-3	      3.160
     13.19E-3	      3.160
     13.20E-3	      3.160
     13.21E-3	      3.160
     13.22E-3	      3.080
     13.23E-3	      3.200
     13.24E-3	      3.200
     13.25E-3	      3.160
     13.26E-3	      3.160
     13.27E-3	      3.200
     13.28E-3	      3.200
     13.29E-3	      3.200
     13.30E-3	      3.200
     13.31E-3	      3.200
     13.32E-3	      3.200
     13.33E-3	      3.200
     13.34E-3	      3.200
     13.35E-3	      3.200
     13.36E-3	      3.240
     13.37E-3	      3.240
     13.38E-3	      3.240
     13.39E-3	      3.240
     13.40E-3	      3.240
     13.41E-3	      3.240
     13.42E-3	      3.240
     13.43E-3	      3.240
     13.44E-3	      3.240
     13.45E-3	      3.280
     13.46E-3	      3.280
     13.47E-3	      3.320
     13.48E-3	      3.280
     13.49E-3	      3.320
     13.50E-3	      3.280
     13.51E-3	      3.320
     13.52E-3	      3.320
     13.53E-3	      3.280
     13.54E-3	      3.320
     13.55E-3	      3.360
     13.56E-3	      3.320
     13.57E-3	      3.320
     13.58E-3	      3.320
     13.59E-3	      3.360
     13.60E-3	      3.320
     13.61E-3	      3.360
     13.62E-3	      3.400
     13.63E-3	      3.360
     13.64E-3	      3.360
     13.65E-3	      3.360
     13.66E-3	      3.400
     13.67E-3	      3.400
     13.68E-3	      3.400
     13.69E-3	      3.400
     13.70E-3	      3.400
     13.71E-3	      3.400
     13.72E-3	      3.400
     13.73E-3	      3.400
     13.74E-3	      3.400
     13.75E-3	      3.400
     13.76E-3	      3.400
     13.77E-3	      3.400
     13.78E-3	      3.440
     13.79E-3	      3.440
     13.80E-3	      3.480
     13.81E-3	      3.400
     13.82E-3	      3.480
     13.83E-3	      3.480
     13.84E-3	      3.480
     13.85E-3	      3.480
     13.86E-3	      3.520
     13.87E-3	      3.480
     13.88E-3	      3.520
     13.89E-3	      3.480
     13.90E-3	      3.480
     13.91E-3	      3.480
     13.92E-3	      3.520
     13.93E-3	      3.600
     13.94E-3	      3.520
     13.95E-3	      3.520
     13.96E-3	      3.520
     13.97E-3	      3.560
     13.98E-3	      3.560
     13.99E-3	      3.560
     14.00E-3	      3.560
     14.01E-3	      3.600
     14.02E-3	      3.560
     14.03E-3	      3.560
     14.04E-3	      3.560
     14.05E-3	      3.560
     14.06E-3	      3.600
     14.07E-3	      3.600
     14.08E-3	      3.600
     14.09E-3	      3.640
     14.10E-3	      3.600
     14.11E-3	      3.600
     14.12E-3	      3.600
     14.13E-3	      3.600
     14.14E-3	      3.640
     14.15E-3	      3.640
     14.16E-3	      3.640
     14.17E-3	      3.640
     14.18E-3	      3.640
     14.19E-3	      3.640
     14.20E-3	      3.640
     14.21E-3	      3.640
     14.22E-3	      3.680
     14.23E-3	      3.680
     14.24E-3	      3.640
     14.25E-3	      3.680
     14.26E-3	      3.680
     14.27E-3	      3.680
     14.28E-3	      3.680
     14.29E-3	      3.760
     14.30E-3	      3.720
     14.31E-3	      3.720
     14.32E-3	      3.720
     14.33E-3	      3.760
     14.34E-3	      3.720
     14.35E-3	      3.720
     14.36E-3	      3.720
     14.37E-3	      3.720
     14.38E-3	      3.720
     14.39E-3	      3.760
     14.40E-3	      3.800
     14.41E-3	      3.760
     14.42E-3	      3.760
     14.43E-3	      3.760
     14.44E-3	      3.800
     14.45E-3	      3.800
     14.46E-3	      3.760
     14.47E-3	      3.800
     14.48E-3	      3.800
     14.49E-3	      3.760
     14.50E-3	      3.760
     14.51E-3	      3.840
     14.52E-3	      3.800
     14.53E-3	      3.800
     14.54E-3	      3.800
     14.55E-3	      3.800
     14.56E-3	      3.840
     14.57E-3	      3.840
     14.58E-3	      3.840
     14.59E-3	      3.840
     14.60E-3	      3.880
     14.61E-3	      3.880
     14.62E-3	      3.840
     14.63E-3	      3.880
     14.64E-3	      3.880
     14.65E-3	      3.880
     14.66E-3	      3.880
     14.67E-3	      3.880
     14.68E-3	      3.880
     14.69E-3	      3.880
     14.70E-3	      3.880
     14.71E-3	      3.920
     14.72E-3	      3.920
     14.73E-3	      3.960
     14.74E-3	      3.920
     14.75E-3	      3.920
     14.76E-3	      3.920
     14.77E-3	      3.920
     14.78E-3	      3.960
     14.79E-3	      3.920
     14.80E-3	      4.000
     14.81E-3	      3.960
     14.82E-3	      3.960
     14.83E-3	      3.960
     14.84E-3	      3.960
     14.85E-3	      4.000
     14.86E-3	      4.000
     14.87E-3	      4.040
     14.88E-3	      4.000
     14.89E-3	      4.000
     14.90E-3	      4.000
     14.91E-3	      4.040
     14.92E-3	      4.040
     14.93E-3	      4.000
     14.94E-3	      4.040
     14.95E-3	      4.040
     14.96E-3	      4.040
     14.97E-3	      4.040
     14.98E-3	      4.040
     14.99E-3	      4.080
     15.00E-3	      4.080
     15.01E-3	      4.080
     15.02E-3	      4.040
     15.03E-3	      4.080
     15.04E-3	      4.080
     15.05E-3	      4.080
     15.06E-3	      4.080
     15.07E-3	      4.120
     15.08E-3	      4.080
     15.09E-3	      4.120
     15.10E-3	      4.120
     15.11E-3	      4.120
     15.12E-3	      4.120
     15.13E-3	      4.120
     15.14E-3	      4.120
     15.15E-3	      4.120
     15.16E-3	      4.120
     15.17E-3	      4.160
     15.18E-3	      4.200
     15.19E-3	      4.160
     15.20E-3	      4.160
     15.21E-3	      4.160
     15.22E-3	      4.160
     15.23E-3	      4.160
     15.24E-3	      4.160
     15.25E-3	      4.240
     15.26E-3	      4.200
     15.27E-3	      4.200
     15.28E-3	      4.200
     15.29E-3	      4.200
     15.30E-3	      4.200
     15.31E-3	      4.200
     15.32E-3	      4.200
     15.33E-3	      4.160
     15.34E-3	      4.240
     15.35E-3	      4.200
     15.36E-3	      4.200
     15.37E-3	      4.280
     15.38E-3	      4.280
     15.39E-3	      4.280
     15.40E-3	      4.240
     15.41E-3	      4.280
     15.42E-3	      4.320
     15.43E-3	      4.280
     15.44E-3	      4.240
     15.45E-3	      4.280
     15.46E-3	      4.280
     15.47E-3	      4.320
     15.48E-3	      4.280
     15.49E-3	      4.280
     15.50E-3	      4.320
     15.51E-3	      4.320
     15.52E-3	      4.320
     15.53E-3	      4.320
     15.54E-3	      4.320
     15.55E-3	      4.360
     15.56E-3	      4.320
     15.57E-3	      4.360
     15.58E-3	      4.360
     15.59E-3	      4.360
     15.60E-3	      4.400
     15.61E-3	      4.360
     15.62E-3	      4.360
     15.63E-3	      4.360
     15.64E-3	      4.360
     15.65E-3	      4.360
     15.66E-3	      4.400
     15.67E-3	      4.400
     15.68E-3	      4.400
     15.69E-3	      4.440
     15.70E-3	      4.400
     15.71E-3	      4.400
     15.72E-3	      4.440
     15.73E-3	      4.400
     15.74E-3	      4.440
     15.75E-3	      4.400
     15.76E-3	      4.400
     15.77E-3	      4.440
     15.78E-3	      4.440
     15.79E-3	      4.480
     15.80E-3	      4.480
     15.81E-3	      4.480
     15.82E-3	      4.480
     15.83E-3	      4.480
     15.84E-3	      4.480
     15.85E-3	      4.520
     15.86E-3	      4.520
     15.87E-3	      4.480
     15.88E-3	      4.480
     15.89E-3	      4.520
     15.90E-3	      4.560
     15.91E-3	      4.520
     15.92E-3	      4.520
     15.93E-3	      4.520
     15.94E-3	      4.560
     15.95E-3	      4.560
     15.96E-3	      4.560
     15.97E-3	      4.560
     15.98E-3	      4.560
     15.99E-3	      4.560
     16.00E-3	      4.560
     16.01E-3	      4.560
     16.02E-3	      4.600
     16.03E-3	      4.560
     16.04E-3	      4.560
     16.05E-3	      4.600
     16.06E-3	      4.560
     16.07E-3	      4.600
     16.08E-3	      4.600
     16.09E-3	      4.600
     16.10E-3	      4.600
     16.11E-3	      4.640
     16.12E-3	      4.600
     16.13E-3	      4.640
     16.14E-3	      4.600
     16.15E-3	      4.640
     16.16E-3	      4.640
     16.17E-3	      4.640
     16.18E-3	      4.640
     16.19E-3	      4.680
     16.20E-3	      4.680
     16.21E-3	      4.640
     16.22E-3	      4.680
     16.23E-3	      4.680
     16.24E-3	      4.680
     16.25E-3	      4.680
     16.26E-3	      4.720
     16.27E-3	      4.720
     16.28E-3	      4.760
     16.29E-3	      4.760
     16.30E-3	      4.720
     16.31E-3	      4.720
     16.32E-3	      4.760
     16.33E-3	      4.720
     16.34E-3	      4.760
     16.35E-3	      4.760
     16.36E-3	      4.760
     16.37E-3	      4.760
     16.38E-3	      4.760
     16.39E-3	      4.720
     16.40E-3	      4.800
     16.41E-3	      4.760
     16.42E-3	      4.760
     16.43E-3	      4.760
     16.44E-3	      4.800
     16.45E-3	      4.800
     16.46E-3	      4.840
     16.47E-3	      4.800
     16.48E-3	      4.800
     16.49E-3	      4.840
     16.50E-3	      4.840
     16.51E-3	      4.840
     16.52E-3	      4.840
     16.53E-3	      4.840
     16.54E-3	      4.840
     16.55E-3	      4.840
     16.56E-3	      4.880
     16.57E-3	      4.880
     16.58E-3	      4.880
     16.59E-3	      4.880
     16.60E-3	      4.880
     16.61E-3	      4.880
     16.62E-3	      4.880
     16.63E-3	      4.880
     16.64E-3	      4.880
     16.65E-3	      4.880
     16.66E-3	      4.920
     16.67E-3	      4.880
     16.68E-3	      4.920
     16.69E-3	      4.920
     16.70E-3	      4.920
     16.71E-3	      4.920
     16.72E-3	      4.960
     16.73E-3	      4.960
     16.74E-3	      4.960
     16.75E-3	      4.960
     16.76E-3	      4.960
     16.77E-3	      4.960
     16.78E-3	      4.960
     16.79E-3	      4.960
     16.80E-3	      5.000
     16.81E-3	      5.000
     16.82E-3	      5.000
     16.83E-3	      5.000
     16.84E-3	      5.000
     16.85E-3	      5.000
     16.86E-3	      5.000
     16.87E-3	      5.040
     16.88E-3	      4.960
     16.89E-3	      5.040
     16.90E-3	      5.000
     16.91E-3	      5.040
     16.92E-3	      5.040
     16.93E-3	      5.040
     16.94E-3	      5.040
     16.95E-3	      5.080
     16.96E-3	      5.040
     16.97E-3	      5.040
     16.98E-3	      5.080
     16.99E-3	      5.080
     17.00E-3	      5.120
     17.01E-3	      5.120
     17.02E-3	      5.040
     17.03E-3	      5.080
     17.04E-3	      5.120
     17.05E-3	      5.120
     17.06E-3	      5.080
     17.07E-3	      80.00E-3
     17.08E-3	      80.00E-3
     17.09E-3	      80.00E-3
     17.10E-3	      40.00E-3
     17.11E-3	      80.00E-3
     17.12E-3	      40.00E-3
     17.13E-3	      80.00E-3
     17.14E-3	      40.00E-3
     17.15E-3	      80.00E-3
     17.16E-3	      80.00E-3
     17.17E-3	      80.00E-3
     17.18E-3	      80.00E-3
     17.19E-3	      120.0E-3
     17.20E-3	      120.0E-3
     17.21E-3	      80.00E-3
     17.22E-3	      120.0E-3
     17.23E-3	      80.00E-3
     17.24E-3	      120.0E-3
     17.25E-3	      120.0E-3
     17.26E-3	      120.0E-3
     17.27E-3	      120.0E-3
     17.28E-3	      120.0E-3
     17.29E-3	      160.0E-3
     17.30E-3	      160.0E-3
     17.31E-3	      160.0E-3
     17.32E-3	      120.0E-3
     17.33E-3	      160.0E-3
     17.34E-3	      160.0E-3
     17.35E-3	      160.0E-3
     17.36E-3	      160.0E-3
     17.37E-3	      160.0E-3
     17.38E-3	      200.0E-3
     17.39E-3	      200.0E-3
     17.40E-3	      160.0E-3
     17.41E-3	      160.0E-3
     17.42E-3	      200.0E-3
     17.43E-3	      200.0E-3
     17.44E-3	      200.0E-3
     17.45E-3	      200.0E-3
     17.46E-3	      240.0E-3
     17.47E-3	      240.0E-3
     17.48E-3	      240.0E-3
     17.49E-3	      240.0E-3
     17.50E-3	      240.0E-3
     17.51E-3	      240.0E-3
     17.52E-3	      240.0E-3
     17.53E-3	      240.0E-3
     17.54E-3	      240.0E-3
     17.55E-3	      280.0E-3
     17.56E-3	      280.0E-3
     17.57E-3	      240.0E-3
     17.58E-3	      280.0E-3
     17.59E-3	      280.0E-3
     17.60E-3	      280.0E-3
     17.61E-3	      280.0E-3
     17.62E-3	      280.0E-3
     17.63E-3	      280.0E-3
     17.64E-3	      320.0E-3
     17.65E-3	      280.0E-3
     17.66E-3	      360.0E-3
     17.67E-3	      320.0E-3
     17.68E-3	      320.0E-3
     17.69E-3	      360.0E-3
     17.70E-3	      360.0E-3
     17.71E-3	      360.0E-3
     17.72E-3	      360.0E-3
     17.73E-3	      400.0E-3
     17.74E-3	      360.0E-3
     17.75E-3	      360.0E-3
     17.76E-3	      360.0E-3
     17.77E-3	      360.0E-3
     17.78E-3	      400.0E-3
     17.79E-3	      400.0E-3
     17.80E-3	      400.0E-3
     17.81E-3	      400.0E-3
     17.82E-3	      440.0E-3
     17.83E-3	      400.0E-3
     17.84E-3	      400.0E-3
     17.85E-3	      440.0E-3
     17.86E-3	      440.0E-3
     17.87E-3	      400.0E-3
     17.88E-3	      440.0E-3
     17.89E-3	      440.0E-3
     17.90E-3	      440.0E-3
     17.91E-3	      440.0E-3
     17.92E-3	      440.0E-3
     17.93E-3	      480.0E-3
     17.94E-3	      440.0E-3
     17.95E-3	      440.0E-3
     17.96E-3	      480.0E-3
     17.97E-3	      480.0E-3
     17.98E-3	      480.0E-3
     17.99E-3	      520.0E-3
     18.00E-3	      480.0E-3
     18.01E-3	      480.0E-3
     18.02E-3	      520.0E-3
     18.03E-3	      520.0E-3
     18.04E-3	      480.0E-3
     18.05E-3	      520.0E-3
     18.06E-3	      520.0E-3
     18.07E-3	      520.0E-3
     18.08E-3	      520.0E-3
     18.09E-3	      520.0E-3
     18.10E-3	      560.0E-3
     18.11E-3	      560.0E-3
     18.12E-3	      560.0E-3
     18.13E-3	      560.0E-3
     18.14E-3	      560.0E-3
     18.15E-3	      560.0E-3
     18.16E-3	      560.0E-3
     18.17E-3	      600.0E-3
     18.18E-3	      600.0E-3
     18.19E-3	      600.0E-3
     18.20E-3	      600.0E-3
     18.21E-3	      600.0E-3
     18.22E-3	      600.0E-3
     18.23E-3	      600.0E-3
     18.24E-3	      640.0E-3
     18.25E-3	      640.0E-3
     18.26E-3	      640.0E-3
     18.27E-3	      600.0E-3
     18.28E-3	      640.0E-3
     18.29E-3	      640.0E-3
     18.30E-3	      600.0E-3
     18.31E-3	      640.0E-3
     18.32E-3	      680.0E-3
     18.33E-3	      680.0E-3
     18.34E-3	      680.0E-3
     18.35E-3	      640.0E-3
     18.36E-3	      720.0E-3
     18.37E-3	      680.0E-3
     18.38E-3	      680.0E-3
     18.39E-3	      680.0E-3
     18.40E-3	      720.0E-3
     18.41E-3	      720.0E-3
     18.42E-3	      720.0E-3
     18.43E-3	      680.0E-3
     18.44E-3	      720.0E-3
     18.45E-3	      760.0E-3
     18.46E-3	      720.0E-3
     18.47E-3	      720.0E-3
     18.48E-3	      720.0E-3
     18.49E-3	      720.0E-3
     18.50E-3	      760.0E-3
     18.51E-3	      760.0E-3
     18.52E-3	      800.0E-3
     18.53E-3	      760.0E-3
     18.54E-3	      760.0E-3
     18.55E-3	      760.0E-3
     18.56E-3	      800.0E-3
     18.57E-3	      760.0E-3
     18.58E-3	      800.0E-3
     18.59E-3	      800.0E-3
     18.60E-3	      800.0E-3
     18.61E-3	      800.0E-3
     18.62E-3	      800.0E-3
     18.63E-3	      800.0E-3
     18.64E-3	      840.0E-3
     18.65E-3	      840.0E-3
     18.66E-3	      800.0E-3
     18.67E-3	      840.0E-3
     18.68E-3	      840.0E-3
     18.69E-3	      840.0E-3
     18.70E-3	      840.0E-3
     18.71E-3	      840.0E-3
     18.72E-3	      880.0E-3
     18.73E-3	      840.0E-3
     18.74E-3	      880.0E-3
     18.75E-3	      920.0E-3
     18.76E-3	      880.0E-3
     18.77E-3	      840.0E-3
     18.78E-3	      880.0E-3
     18.79E-3	      920.0E-3
     18.80E-3	      880.0E-3
     18.81E-3	      920.0E-3
     18.82E-3	      920.0E-3
     18.83E-3	      920.0E-3
     18.84E-3	      920.0E-3
     18.85E-3	      920.0E-3
     18.86E-3	      920.0E-3
     18.87E-3	      960.0E-3
     18.88E-3	      960.0E-3
     18.89E-3	      960.0E-3
     18.90E-3	      960.0E-3
     18.91E-3	      960.0E-3
     18.92E-3	      960.0E-3
     18.93E-3	      960.0E-3
     18.94E-3	      960.0E-3
     18.95E-3	      1.000
     18.96E-3	      1.000
     18.97E-3	      1.000
     18.98E-3	      1.000
     18.99E-3	      1.040
     19.00E-3	      1.000
     19.01E-3	      1.000
     19.02E-3	      1.000
     19.03E-3	      1.040
     19.04E-3	      1.040
     19.05E-3	      1.000
     19.06E-3	      1.000
     19.07E-3	      1.040
     19.08E-3	      1.040
     19.09E-3	      1.040
     19.10E-3	      1.040
     19.11E-3	      1.080
     19.12E-3	      1.040
     19.13E-3	      1.040
     19.14E-3	      1.080
     19.15E-3	      1.120
     19.16E-3	      1.080
     19.17E-3	      1.080
     19.18E-3	      1.080
     19.19E-3	      1.080
     19.20E-3	      1.080
     19.21E-3	      1.120
     19.22E-3	      1.120
     19.23E-3	      1.080
     19.24E-3	      1.120
     19.25E-3	      1.160
     19.26E-3	      1.160
     19.27E-3	      1.120
     19.28E-3	      1.120
     19.29E-3	      1.120
     19.30E-3	      1.160
     19.31E-3	      1.160
     19.32E-3	      1.160
     19.33E-3	      1.120
     19.34E-3	      1.200
     19.35E-3	      1.200
     19.36E-3	      1.200
     19.37E-3	      1.200
     19.38E-3	      1.240
     19.39E-3	      1.200
     19.40E-3	      1.200
     19.41E-3	      1.200
     19.42E-3	      1.200
     19.43E-3	      1.240
     19.44E-3	      1.200
     19.45E-3	      1.240
     19.46E-3	      1.240
     19.47E-3	      1.240
     19.48E-3	      1.240
     19.49E-3	      1.240
     19.50E-3	      1.280
     19.51E-3	      1.240
     19.52E-3	      1.240
     19.53E-3	      1.280
     19.54E-3	      1.280
     19.55E-3	      1.280
     19.56E-3	      1.280
     19.57E-3	      1.280
     19.58E-3	      1.280
     19.59E-3	      1.320
     19.60E-3	      1.320
     19.61E-3	      1.320
     19.62E-3	      1.320
     19.63E-3	      1.320
     19.64E-3	      1.280
     19.65E-3	      1.320
     19.66E-3	      1.320
     19.67E-3	      1.360
     19.68E-3	      1.360
     19.69E-3	      1.400
     19.70E-3	      1.360
     19.71E-3	      1.360
     19.72E-3	      1.360
     19.73E-3	      1.360
     19.74E-3	      1.400
     19.75E-3	      1.400
     19.76E-3	      1.360
     19.77E-3	      1.400
     19.78E-3	      1.440
     19.79E-3	      1.400
     19.80E-3	      1.400
     19.81E-3	      1.440
     19.82E-3	      1.440
     19.83E-3	      1.440
     19.84E-3	      1.440
     19.85E-3	      1.400
     19.86E-3	      1.440
     19.87E-3	      1.440
     19.88E-3	      1.440
     19.89E-3	      1.440
     19.90E-3	      1.480
     19.91E-3	      1.480
     19.92E-3	      1.440
     19.93E-3	      1.480
     19.94E-3	      1.440
     19.95E-3	      1.440
     19.96E-3	      1.480
     19.97E-3	      1.480
     19.98E-3	      1.480
     19.99E-3	      1.520
     20.00E-3	      1.480
     20.01E-3	      1.560
     20.02E-3	      1.520
     20.03E-3	      1.520
     20.04E-3	      1.560
     20.05E-3	      1.560
     20.06E-3	      1.520
     20.07E-3	      1.560
     20.08E-3	      1.520
     20.09E-3	      1.520
     20.10E-3	      1.560
     20.11E-3	      1.600
     20.12E-3	      1.560
     20.13E-3	      1.600
     20.14E-3	      1.560
     20.15E-3	      1.600
     20.16E-3	      1.560
     20.17E-3	      1.600
     20.18E-3	      1.560
     20.19E-3	      1.600
     20.20E-3	      1.600
     20.21E-3	      1.640
     20.22E-3	      1.640
     20.23E-3	      1.640
     20.24E-3	      1.640
     20.25E-3	      1.640
     20.26E-3	      1.640
     20.27E-3	      1.640
     20.28E-3	      1.640
     20.29E-3	      1.680
     20.30E-3	      1.680
     20.31E-3	      1.640
     20.32E-3	      1.680
     20.33E-3	      1.680
     20.34E-3	      1.640
     20.35E-3	      1.680
     20.36E-3	      1.680
     20.37E-3	      1.720
     20.38E-3	      1.720
     20.39E-3	      1.720
     20.40E-3	      1.720
     20.41E-3	      1.720
     20.42E-3	      1.720
     20.43E-3	      1.720
     20.44E-3	      1.720
     20.45E-3	      1.720
     20.46E-3	      1.720
     20.47E-3	      1.720
     20.48E-3	      1.760
     20.49E-3	      1.680
     20.50E-3	      1.760
     20.51E-3	      1.760
     20.52E-3	      1.760
     20.53E-3	      1.760
     20.54E-3	      1.800
     20.55E-3	      1.800
     20.56E-3	      1.800
     20.57E-3	      1.840
     20.58E-3	      1.800
     20.59E-3	      1.800
     20.60E-3	      1.840
     20.61E-3	      1.800
     20.62E-3	      1.840
     20.63E-3	      1.840
     20.64E-3	      1.840
     20.65E-3	      1.840
     20.66E-3	      1.840
     20.67E-3	      1.840
     20.68E-3	      1.840
     20.69E-3	      1.880
     20.70E-3	      1.840
     20.71E-3	      1.840
     20.72E-3	      1.840
     20.73E-3	      1.840
     20.74E-3	      1.840
     20.75E-3	      1.920
     20.76E-3	      1.920
     20.77E-3	      1.920
     20.78E-3	      1.880
     20.79E-3	      1.880
     20.80E-3	      1.920
     20.81E-3	      1.920
     20.82E-3	      1.880
     20.83E-3	      1.920
     20.84E-3	      1.920
     20.85E-3	      1.920
     20.86E-3	      1.920
     20.87E-3	      1.960
     20.88E-3	      1.920
     20.89E-3	      1.960
     20.90E-3	      1.920
     20.91E-3	      2.000
     20.92E-3	      2.040
     20.93E-3	      1.960
     20.94E-3	      1.960
     20.95E-3	      1.960
     20.96E-3	      2.000
     20.97E-3	      1.960
     20.98E-3	      2.040
     20.99E-3	      2.040
     21.00E-3	      2.040
     21.01E-3	      1.960
     21.02E-3	      2.080
     21.03E-3	      2.040
     21.04E-3	      2.000
     21.05E-3	      2.040
     21.06E-3	      2.040
     21.07E-3	      2.040
     21.08E-3	      2.040
     21.09E-3	      2.080
     21.10E-3	      2.080
     21.11E-3	      2.040
     21.12E-3	      2.080
     21.13E-3	      2.080
     21.14E-3	      2.080
     21.15E-3	      2.080
     21.16E-3	      2.120
     21.17E-3	      2.080
     21.18E-3	      2.120
     21.19E-3	      2.120
     21.20E-3	      2.120
     21.21E-3	      2.120
     21.22E-3	      2.120
     21.23E-3	      2.120
     21.24E-3	      2.160
     21.25E-3	      2.160
     21.26E-3	      2.160
     21.27E-3	      2.120
     21.28E-3	      2.160
     21.29E-3	      2.160
     21.30E-3	      2.120
     21.31E-3	      2.200
     21.32E-3	      2.160
     21.33E-3	      2.160
     21.34E-3	      2.200
     21.35E-3	      2.240
     21.36E-3	      2.200
     21.37E-3	      2.200
     21.38E-3	      2.240
     21.39E-3	      2.200
     21.40E-3	      2.200
     21.41E-3	      2.240
     21.42E-3	      2.240
     21.43E-3	      2.240
     21.44E-3	      2.240
     21.45E-3	      2.240
     21.46E-3	      2.240
     21.47E-3	      2.240
     21.48E-3	      2.280
     21.49E-3	      2.280
     21.50E-3	      2.280
     21.51E-3	      2.280
     21.52E-3	      2.280
     21.53E-3	      2.280
     21.54E-3	      2.280
     21.55E-3	      2.280
     21.56E-3	      2.320
     21.57E-3	      2.320
     21.58E-3	      2.280
     21.59E-3	      2.320
     21.60E-3	      2.280
     21.61E-3	      2.320
     21.62E-3	      2.360
     21.63E-3	      2.320
     21.64E-3	      2.360
     21.65E-3	      2.400
     21.66E-3	      2.360
     21.67E-3	      2.360
     21.68E-3	      2.360
     21.69E-3	      2.400
     21.70E-3	      2.400
     21.71E-3	      2.360
     21.72E-3	      2.400
     21.73E-3	      2.400
     21.74E-3	      2.400
     21.75E-3	      2.400
     21.76E-3	      2.400
     21.77E-3	      2.400
     21.78E-3	      2.400
     21.79E-3	      2.440
     21.80E-3	      2.400
     21.81E-3	      2.480
     21.82E-3	      2.400
     21.83E-3	      2.400
     21.84E-3	      2.440
     21.85E-3	      2.480
     21.86E-3	      2.440
     21.87E-3	      2.440
     21.88E-3	      2.440
     21.89E-3	      2.440
     21.90E-3	      2.480
     21.91E-3	      2.480
     21.92E-3	      2.480
     21.93E-3	      2.480
     21.94E-3	      2.480
     21.95E-3	      2.520
     21.96E-3	      2.520
     21.97E-3	      2.520
     21.98E-3	      2.520
     21.99E-3	      2.520
     22.00E-3	      2.520
     22.01E-3	      2.560
     22.02E-3	      2.520
     22.03E-3	      2.560
     22.04E-3	      2.560
     22.05E-3	      2.600
     22.06E-3	      2.560
     22.07E-3	      2.560
     22.08E-3	      2.560
     22.09E-3	      2.600
     22.10E-3	      2.600
     22.11E-3	      2.600
     22.12E-3	      2.600
     22.13E-3	      2.640
     22.14E-3	      2.600
     22.15E-3	      2.600
     22.16E-3	      2.600
     22.17E-3	      2.600
     22.18E-3	      2.600
     22.19E-3	      2.600
     22.20E-3	      2.640
     22.21E-3	      2.640
     22.22E-3	      2.680
     22.23E-3	      2.600
     22.24E-3	      2.640
     22.25E-3	      2.640
     22.26E-3	      2.640
     22.27E-3	      2.640
     22.28E-3	      2.680
     22.29E-3	      2.640
     22.30E-3	      2.680
     22.31E-3	      2.640
     22.32E-3	      2.680
     22.33E-3	      2.720
     22.34E-3	      2.680
     22.35E-3	      2.720
     22.36E-3	      2.680
     22.37E-3	      2.720
     22.38E-3	      2.760
     22.39E-3	      2.760
     22.40E-3	      2.720
     22.41E-3	      2.720
     22.42E-3	      2.720
     22.43E-3	      2.760
     22.44E-3	      2.760
     22.45E-3	      2.760
     22.46E-3	      2.760
     22.47E-3	      2.800
     22.48E-3	      2.800
     22.49E-3	      2.800
     22.50E-3	      2.760
     22.51E-3	      2.800
     22.52E-3	      2.800
     22.53E-3	      2.840
     22.54E-3	      2.800
     22.55E-3	      2.840
     22.56E-3	      2.760
     22.57E-3	      2.800
     22.58E-3	      2.800
     22.59E-3	      2.840
     22.60E-3	      2.840
     22.61E-3	      2.840
     22.62E-3	      2.840
     22.63E-3	      2.840
     22.64E-3	      2.840
     22.65E-3	      2.880
     22.66E-3	      2.840
     22.67E-3	      2.880
     22.68E-3	      2.840
     22.69E-3	      2.880
     22.70E-3	      2.880
     22.71E-3	      2.920
     22.72E-3	      2.880
     22.73E-3	      2.920
     22.74E-3	      2.880
     22.75E-3	      2.960
     22.76E-3	      2.920
     22.77E-3	      2.920
     22.78E-3	      2.920
     22.79E-3	      2.920
     22.80E-3	      2.920
     22.81E-3	      2.920
     22.82E-3	      2.960
     22.83E-3	      2.920
     22.84E-3	      2.920
     22.85E-3	      3.000
     22.86E-3	      2.960
     22.87E-3	      2.960
     22.88E-3	      2.960
     22.89E-3	      3.000
     22.90E-3	      3.000
     22.91E-3	      3.000
     22.92E-3	      3.000
     22.93E-3	      3.000
     22.94E-3	      3.000
     22.95E-3	      3.000
     22.96E-3	      3.000
     22.97E-3	      3.040
     22.98E-3	      3.040
     22.99E-3	      3.040
     23.00E-3	      3.040
     23.01E-3	      3.000
     23.02E-3	      3.040
     23.03E-3	      3.040
     23.04E-3	      3.040
     23.05E-3	      3.040
     23.06E-3	      3.040
     23.07E-3	      3.080
     23.08E-3	      3.040
     23.09E-3	      3.040
     23.10E-3	      3.080
     23.11E-3	      3.080
     23.12E-3	      3.080
     23.13E-3	      3.120
     23.14E-3	      3.120
     23.15E-3	      3.080
     23.16E-3	      3.120
     23.17E-3	      3.120
     23.18E-3	      3.120
     23.19E-3	      3.120
     23.20E-3	      3.160
     23.21E-3	      3.120
     23.22E-3	      3.160
     23.23E-3	      3.160
     23.24E-3	      3.160
     23.25E-3	      3.160
     23.26E-3	      3.160
     23.27E-3	      3.200
     23.28E-3	      3.160
     23.29E-3	      3.200
     23.30E-3	      3.160
     23.31E-3	      3.200
     23.32E-3	      3.200
     23.33E-3	      3.200
     23.34E-3	      3.240
     23.35E-3	      3.200
     23.36E-3	      3.240
     23.37E-3	      3.200
     23.38E-3	      3.200
     23.39E-3	      3.240
     23.40E-3	      3.200
     23.41E-3	      3.240
     23.42E-3	      3.240
     23.43E-3	      3.280
     23.44E-3	      3.240
     23.45E-3	      3.280
     23.46E-3	      3.280
     23.47E-3	      3.280
     23.48E-3	      3.280
     23.49E-3	      3.280
     23.50E-3	      3.280
     23.51E-3	      3.280
     23.52E-3	      3.320
     23.53E-3	      3.320
     23.54E-3	      3.320
     23.55E-3	      3.320
     23.56E-3	      3.320
     23.57E-3	      3.320
     23.58E-3	      3.320
     23.59E-3	      3.360
     23.60E-3	      3.320
     23.61E-3	      3.320
     23.62E-3	      3.360
     23.63E-3	      3.360
     23.64E-3	      3.360
     23.65E-3	      3.400
     23.66E-3	      3.400
     23.67E-3	      3.360
     23.68E-3	      3.400
     23.69E-3	      3.400
     23.70E-3	      3.400
     23.71E-3	      3.360
     23.72E-3	      3.400
     23.73E-3	      3.400
     23.74E-3	      3.440
     23.75E-3	      3.440
     23.76E-3	      3.440
     23.77E-3	      3.400
     23.78E-3	      3.400
     23.79E-3	      3.440
     23.80E-3	      3.440
     23.81E-3	      3.440
     23.82E-3	      3.440
     23.83E-3	      3.440
     23.84E-3	      3.440
     23.85E-3	      3.480
     23.86E-3	      3.480
     23.87E-3	      3.480
     23.88E-3	      3.480
     23.89E-3	      3.480
     23.90E-3	      3.480
     23.91E-3	      3.520
     23.92E-3	      3.520
     23.93E-3	      3.520
     23.94E-3	      3.480
     23.95E-3	      3.480
     23.96E-3	      3.520
     23.97E-3	      3.520
     23.98E-3	      3.520
     23.99E-3	      3.520
     24.00E-3	      3.560
     24.01E-3	      3.560
     24.02E-3	      3.520
     24.03E-3	      3.560
     24.04E-3	      3.560
     24.05E-3	      3.560
     24.06E-3	      3.600
     24.07E-3	      3.600
     24.08E-3	      3.600
     24.09E-3	      3.600
     24.10E-3	      3.600
     24.11E-3	      3.600
     24.12E-3	      3.600
     24.13E-3	      3.560
     24.14E-3	      3.600
     24.15E-3	      3.600
     24.16E-3	      3.640
     24.17E-3	      3.680
     24.18E-3	      3.600
     24.19E-3	      3.640
     24.20E-3	      3.640
     24.21E-3	      3.600
     24.22E-3	      3.640
     24.23E-3	      3.680
     24.24E-3	      3.680
     24.25E-3	      3.680
     24.26E-3	      3.640
     24.27E-3	      3.680
     24.28E-3	      3.680
     24.29E-3	      3.680
     24.30E-3	      3.680
     24.31E-3	      3.720
     24.32E-3	      3.680
     24.33E-3	      3.720
     24.34E-3	      3.720
     24.35E-3	      3.720
     24.36E-3	      3.760
     24.37E-3	      3.720
     24.38E-3	      3.760
     24.39E-3	      3.720
     24.40E-3	      3.760
     24.41E-3	      3.760
     24.42E-3	      3.760
     24.43E-3	      3.800
     24.44E-3	      3.800
     24.45E-3	      3.760
     24.46E-3	      3.760
     24.47E-3	      3.760
     24.48E-3	      3.800
     24.49E-3	      3.760
     24.50E-3	      3.800
     24.51E-3	      3.800
     24.52E-3	      3.800
     24.53E-3	      3.800
     24.54E-3	      3.800
     24.55E-3	      3.800
     24.56E-3	      3.840
     24.57E-3	      3.800
     24.58E-3	      3.840
     24.59E-3	      3.840
     24.60E-3	      3.840
     24.61E-3	      3.840
     24.62E-3	      3.840
     24.63E-3	      3.840
     24.64E-3	      3.840
     24.65E-3	      3.840
     24.66E-3	      3.840
     24.67E-3	      3.880
     24.68E-3	      3.920
     24.69E-3	      3.880
     24.70E-3	      3.880
     24.71E-3	      3.920
     24.72E-3	      3.920
     24.73E-3	      3.880
     24.74E-3	      3.920
     24.75E-3	      3.920
     24.76E-3	      3.920
     24.77E-3	      3.920
     24.78E-3	      3.920
     24.79E-3	      3.920
     24.80E-3	      3.920
     24.81E-3	      3.960
     24.82E-3	      3.960
     24.83E-3	      3.960
     24.84E-3	      4.000
     24.85E-3	      3.960
     24.86E-3	      3.960
     24.87E-3	      3.960
     24.88E-3	      4.000
     24.89E-3	      3.960
     24.90E-3	      4.000
     24.91E-3	      4.000
     24.92E-3	      4.000
     24.93E-3	      4.000
     24.94E-3	      4.040
     24.95E-3	      4.000
     24.96E-3	      4.040
     24.97E-3	      4.040
     24.98E-3	      4.080
     24.99E-3	      4.040

